 Position  P-start Occup  N/L  Affinity
        1  0.000   0.000   0    NA
        2  0.000   0.000   0    NA
        3  0.000   0.001   0    NA
        4  0.000   0.001   0    NA
        5  0.000   0.001   0    NA
        6  0.000   0.001   0    NA
        7  0.001   0.003   0    NA
        8  0.001   0.003   0    NA
        9  0.000   0.003   0    NA
       10  0.000   0.003   0    NA
       11  0.000   0.004   0    NA
       12  0.000   0.004   0    NA
       13  0.001   0.005   0    NA
       14  0.000   0.005   0    NA
       15  0.001   0.006   0    NA
       16  0.000   0.006   0    NA
       17  0.000   0.006   0    NA
       18  0.000   0.006   0    NA
       19  0.002   0.008   0    NA
       20  0.003   0.011   0    NA
       21  0.002   0.013   0    NA
       22  0.001   0.015   0    NA
       23  0.000   0.015   0    NA
       24  0.001   0.016   0    NA
       25  0.001   0.017   0    NA
       26  0.000   0.017   0    NA
       27  0.000   0.017   0    NA
       28  0.000   0.017   0    NA
       29  0.000   0.017   0    NA
       30  0.000   0.017   0    NA
       31  0.000   0.017   0    NA
       32  0.001   0.019   0    NA
       33  0.006   0.025   0    NA
       34  0.002   0.027   0    NA
       35  0.000   0.027   0    NA
       36  0.000   0.027   0    NA
       37  0.000   0.028   0    NA
       38  0.276   0.303   0    NA
       39  0.087   0.390   0    NA
       40  0.014   0.404   0    NA
       41  0.001   0.405   0    NA
       42  0.043   0.448   0    NA
       43  0.043   0.491   0    NA
       44  0.001   0.492   0    NA
       45  0.000   0.492   0    NA
       46  0.000   0.492   0    NA
       47  0.001   0.493   0    NA
       48  0.000   0.493   0    NA
       49  0.000   0.493   0    NA
       50  0.000   0.493   0    NA
       51  0.029   0.523   0    NA
       52  0.000   0.523   0    NA
       53  0.000   0.523   0    NA
       54  0.001   0.524   0    NA
       55  0.002   0.526   0    NA
       56  0.026   0.552   0    NA
       57  0.009   0.561   0    NA
       58  0.000   0.562   0    NA
       59  0.000   0.562   0    NA
       60  0.000   0.562   0    NA
       61  0.000   0.562   0    NA
       62  0.000   0.562   0    NA
       63  0.000   0.562   0    NA
       64  0.000   0.562   0    NA
       65  0.000   0.562   0    NA
       66  0.000   0.563   0    NA
       67  0.000   0.563   0    NA
       68  0.000   0.563   0    NA
       69  0.000   0.563   0    NA
       70  0.002   0.566   0    NA
       71  0.000   0.566   0    NA
       72  0.000   0.566   0    NA
       73  0.000   0.566   0    NA
       74  0.000   0.566   0    1.001
       75  0.000   0.566   0    0.985
       76  0.000   0.567   0    0.981
       77  0.001   0.568   0    0.950
       78  0.000   0.569   0    0.970
       79  0.000   0.569   0    0.992
       80  0.000   0.569   0    1.009
       81  0.000   0.570   0    1.001
       82  0.004   0.573   0    0.981
       83  0.000   0.574   0    0.981
       84  0.030   0.604   0    1.015
       85  0.004   0.608   0    1.042
       86  0.000   0.608   0    1.066
       87  0.000   0.608   0    1.076
       88  0.000   0.608   0    1.103
       89  0.002   0.611   0    1.128
       90  0.278   0.889   1    1.136
       91  0.081   0.970   1    1.138
       92  0.028   0.997   1    1.138
       93  0.001   0.998   1    1.143
       94  0.000   0.998   1    1.140
       95  0.000   0.998   1    1.138
       96  0.000   0.998   1    1.142
       97  0.000   0.998   1    1.158
       98  0.000   0.998   1    1.155
       99  0.000   0.998   1    1.144
      100  0.000   0.998   1    1.149
      101  0.000   0.998   1    1.159
      102  0.000   0.999   1    1.183
      103  0.000   0.999   1    1.198
      104  0.000   0.999   1    1.203
      105  0.000   0.999   1    1.201
      106  0.000   0.999   1    1.198
      107  0.000   0.999   1    1.180
      108  0.000   0.999   1    1.170
      109  0.000   0.999   1    1.165
      110  0.000   0.999   1    1.171
      111  0.000   0.999   1    1.188
      112  0.000   0.999   1    1.205
      113  0.000   0.999   1    1.206
      114  0.000   0.999   1    1.197
      115  0.000   0.999   1    1.200
      116  0.000   0.999   1    1.204
      117  0.000   0.999   1    1.216
      118  0.000   0.999   1    1.218
      119  0.000   0.999   1    1.207
      120  0.000   0.999   1    1.185
      121  0.000   0.999   1    1.178
      122  0.000   0.999   1    1.175
      123  0.000   0.999   1    1.177
      124  0.000   0.999   1    1.178
      125  0.000   0.999   1    1.171
      126  0.000   0.999   1    1.166
      127  0.000   0.999   1    1.175
      128  0.000   0.999   1    1.196
      129  0.000   0.999   1    1.210
      130  0.000   0.999   1    1.237
      131  0.000   0.999   1    1.250
      132  0.000   0.999   1    1.274
      133  0.000   0.999   1    1.263
      134  0.000   0.999   1    1.253
      135  0.000   0.999   1    1.257
      136  0.000   0.999   1    1.288
      137  0.000   0.999   1    1.323
      138  0.000   0.999   1    1.339
      139  0.000   0.999   1    1.321
      140  0.000   0.999   1    1.297
      141  0.000   0.999   1    1.264
      142  0.000   0.999   1    1.241
      143  0.000   0.999   1    1.203
      144  0.000   0.999   1    1.173
      145  0.000   0.999   1    1.160
      146  0.000   0.999   1    1.148
      147  0.000   0.999   1    1.132
      148  0.000   0.999   1    1.117
      149  0.000   0.999   1    1.108
      150  0.000   0.998   1    1.102
      151  0.000   0.998   1    1.087
      152  0.000   0.998   1    1.071
      153  0.000   0.997   1    1.067
      154  0.000   0.996   1    1.075
      155  0.000   0.995   1    1.069
      156  0.000   0.995   1    1.051
      157  0.000   0.995   1    1.020
      158  0.000   0.995   1    0.984
      159  0.000   0.995   1    0.958
      160  0.000   0.994   1    0.948
      161  0.000   0.994   1    0.935
      162  0.000   0.993   1    0.934
      163  0.000   0.993   1    0.931
      164  0.000   0.993   1    0.926
      165  0.000   0.993   1    0.909
      166  0.000   0.991   1    0.887
      167  0.000   0.988   1    0.857
      168  0.000   0.986   1    0.845
      169  0.000   0.984   1    0.823
      170  0.000   0.984   1    0.797
      171  0.000   0.983   1    0.750
      172  0.000   0.982   1    0.716
      173  0.000   0.982   1    0.690
      174  0.000   0.982   1    0.678
      175  0.000   0.982   1    0.671
      176  0.000   0.982   1    0.646
      177  0.000   0.982   1    0.612
      178  0.000   0.982   1    0.567
      179  0.000   0.981   1    0.533
      180  0.000   0.974   1    0.509
      181  0.000   0.972   1    0.481
      182  0.000   0.972   1    0.451
      183  0.000   0.972   1    0.418
      184  0.000   0.972   1    0.394
      185  0.000   0.696   1    0.350
      186  0.001   0.610   1    0.307
      187  0.002   0.599   1    0.286
      188  0.000   0.597   1    0.266
      189  0.000   0.555   1    0.241
      190  0.000   0.512   1    0.186
      191  0.000   0.511   1    0.132
      192  0.000   0.511   1    0.082
      193  0.000   0.511   1    0.040
      194  0.000   0.510   1    0.007
      195  0.000   0.510   1   -0.015
      196  0.000   0.510   1   -0.018
      197  0.001   0.510   1   -0.017
      198  0.001   0.482   1   -0.024
      199  0.000   0.482   1   -0.052
      200  0.000   0.482   1   -0.082
      201  0.000   0.481   1   -0.113
      202  0.000   0.478   1   -0.124
      203  0.000   0.452   1   -0.142
      204  0.000   0.443   1   -0.165
      205  0.000   0.443   1   -0.188
      206  0.000   0.443   1   -0.202
      207  0.000   0.443   1   -0.227
      208  0.000   0.443   1   -0.245
      209  0.000   0.443   1   -0.272
      210  0.000   0.442   1   -0.294
      211  0.000   0.442   1   -0.298
      212  0.000   0.442   1   -0.305
      213  0.000   0.442   1   -0.304
      214  0.000   0.442   1   -0.300
      215  0.000   0.441   1   -0.299
      216  0.000   0.441   1   -0.295
      217  0.000   0.439   1   -0.318
      218  0.000   0.438   1   -0.363
      219  0.000   0.438   1   -0.401
      220  0.000   0.438   1   -0.420
      221  0.000   0.438   1   -0.424
      222  0.000   0.438   1   -0.426
      223  0.000   0.438   1   -0.429
      224  0.000   0.436   1   -0.443
      225  0.000   0.436   1   -0.451
      226  0.000   0.436   1   -0.461
      227  0.000   0.435   1   -0.474
      228  0.000   0.435   1   -0.485
      229  0.000   0.431   1   -0.495
      230  0.000   0.431   1   -0.509
      231  0.000   0.401   1   -0.516
      232  0.000   0.397   1   -0.502
      233  0.000   0.397   1   -0.478
      234  0.000   0.396   1   -0.471
      235  0.000   0.396   1   -0.469
      236  0.000   0.394   1   -0.470
      237  0.000   0.116   0   -0.477
      238  0.000   0.035   0   -0.488
      239  0.000   0.007   0   -0.504
      240  0.000   0.006   0   -0.511
      241  0.000   0.006   0   -0.500
      242  0.000   0.006   0   -0.506
      243  0.000   0.006   0   -0.507
      244  0.000   0.006   0   -0.509
      245  0.000   0.006   0   -0.502
      246  0.000   0.006   0   -0.515
      247  0.000   0.006   0   -0.542
      248  0.000   0.006   0   -0.567
      249  0.000   0.006   0   -0.580
      250  0.000   0.006   0   -0.595
      251  0.000   0.006   0   -0.622
      252  0.000   0.006   0   -0.664
      253  0.000   0.006   0   -0.693
      254  0.000   0.006   0   -0.711
      255  0.000   0.006   0   -0.735
      256  0.000   0.006   0   -0.777
      257  0.000   0.006   0   -0.830
      258  0.000   0.006   0   -0.881
      259  0.000   0.006   0   -0.916
      260  0.000   0.006   0   -0.950
      261  0.000   0.006   0   -0.983
      262  0.000   0.006   0   -1.007
      263  0.000   0.006   0   -1.035
      264  0.000   0.006   0   -1.063
      265  0.000   0.006   0   -1.100
      266  0.000   0.006   0   -1.155
      267  0.000   0.006   0   -1.211
      268  0.000   0.006   0   -1.265
      269  0.000   0.006   0   -1.331
      270  0.000   0.007   0   -1.396
      271  0.000   0.007   0   -1.435
      272  0.000   0.007   0   -1.445
      273  0.000   0.007   0   -1.433
      274  0.000   0.007   0   -1.427
      275  0.000   0.007   0   -1.428
      276  0.000   0.007   0   -1.437
      277  0.000   0.007   0   -1.452
      278  0.000   0.007   0   -1.485
      279  0.000   0.007   0   -1.496
      280  0.003   0.010   0   -1.510
      281  0.001   0.011   0   -1.515
      282  0.000   0.011   0   -1.509
      283  0.000   0.011   0   -1.517
      284  0.000   0.011   0   -1.514
      285  0.000   0.011   0   -1.511
      286  0.000   0.011   0   -1.511
      287  0.000   0.012   0   -1.537
      288  0.012   0.024   0   -1.561
      289  0.003   0.027   0   -1.567
      290  0.004   0.031   0   -1.576
      291  0.001   0.032   0   -1.597
      292  0.003   0.035   0   -1.608
      293  0.004   0.039   0   -1.616
      294  0.000   0.039   0   -1.631
      295  0.001   0.040   0   -1.630
      296  0.021   0.061   0   -1.640
      297  0.001   0.062   0   -1.651
      298  0.000   0.062   0   -1.667
      299  0.000   0.062   0   -1.682
      300  0.000   0.062   0   -1.675
      301  0.000   0.062   0   -1.651
      302  0.000   0.062   0   -1.605
      303  0.000   0.062   0   -1.560
      304  0.000   0.062   0   -1.535
      305  0.000   0.062   0   -1.520
      306  0.000   0.062   0   -1.489
      307  0.000   0.062   0   -1.443
      308  0.000   0.062   0   -1.395
      309  0.000   0.062   0   -1.348
      310  0.000   0.062   0   -1.303
      311  0.000   0.062   0   -1.241
      312  0.000   0.062   0   -1.180
      313  0.000   0.062   0   -1.120
      314  0.000   0.062   0   -1.074
      315  0.000   0.062   0   -1.020
      316  0.000   0.061   0   -0.977
      317  0.000   0.061   0   -0.942
      318  0.000   0.061   0   -0.912
      319  0.000   0.061   0   -0.879
      320  0.000   0.061   0   -0.838
      321  0.000   0.061   0   -0.792
      322  0.000   0.061   0   -0.747
      323  0.000   0.061   0   -0.711
      324  0.000   0.061   0   -0.649
      325  0.000   0.061   0   -0.576
      326  0.000   0.061   0   -0.515
      327  0.000   0.061   0   -0.466
      328  0.000   0.061   0   -0.430
      329  0.000   0.061   0   -0.417
      330  0.000   0.061   0   -0.401
      331  0.000   0.061   0   -0.385
      332  0.000   0.061   0   -0.353
      333  0.000   0.060   0   -0.308
      334  0.000   0.058   0   -0.252
      335  0.000   0.058   0   -0.201
      336  0.000   0.058   0   -0.144
      337  0.000   0.058   0   -0.104
      338  0.000   0.058   0   -0.052
      339  0.000   0.058   0   -0.013
      340  0.000   0.058   0    0.015
      341  0.000   0.058   0    0.047
      342  0.000   0.058   0    0.093
      343  0.000   0.057   0    0.131
      344  0.000   0.057   0    0.152
      345  0.000   0.056   0    0.172
      346  0.000   0.056   0    0.202
      347  0.000   0.056   0    0.222
      348  0.002   0.058   0    0.234
      349  0.003   0.061   0    0.246
      350  0.000   0.061   0    0.243
      351  0.000   0.061   0    0.229
      352  0.000   0.061   0    0.223
      353  0.001   0.062   0    0.222
      354  0.002   0.065   0    0.230
      355  0.034   0.098   0    0.211
      356  0.092   0.191   0    0.191
      357  0.077   0.268   0    0.167
      358  0.138   0.406   0    0.150
      359  0.022   0.428   0    0.132
      360  0.170   0.598   0    0.113
      361  0.014   0.612   0    0.075
      362  0.005   0.617   0    0.021
      363  0.085   0.702   0   -0.043
      364  0.246   0.948   1   -0.101
      365  0.007   0.955   1   -0.130
      366  0.000   0.955   1   -0.146
      367  0.000   0.955   1   -0.149
      368  0.000   0.955   1   -0.153
      369  0.002   0.958   1   -0.154
      370  0.003   0.961   1   -0.180
      371  0.001   0.962   1   -0.210
      372  0.004   0.966   1   -0.226
      373  0.000   0.966   1   -0.242
      374  0.000   0.966   1   -0.252
      375  0.000   0.966   1   -0.272
      376  0.000   0.967   1   -0.293
      377  0.000   0.967   1   -0.318
      378  0.000   0.967   1   -0.336
      379  0.000   0.967   1   -0.353
      380  0.000   0.967   1   -0.377
      381  0.001   0.967   1   -0.399
      382  0.002   0.970   1   -0.427
      383  0.001   0.970   1   -0.448
      384  0.000   0.970   1   -0.449
      385  0.000   0.971   1   -0.451
      386  0.005   0.976   1   -0.449
      387  0.011   0.986   1   -0.464
      388  0.000   0.986   1   -0.494
      389  0.000   0.987   1   -0.526
      390  0.000   0.987   1   -0.565
      391  0.000   0.987   1   -0.602
      392  0.003   0.989   1   -0.630
      393  0.003   0.993   1   -0.640
      394  0.000   0.993   1   -0.637
      395  0.000   0.993   1   -0.620
      396  0.000   0.993   1   -0.623
      397  0.000   0.993   1   -0.642
      398  0.000   0.993   1   -0.647
      399  0.000   0.993   1   -0.631
      400  0.000   0.993   1   -0.610
      401  0.000   0.993   1   -0.578
      402  0.000   0.993   1   -0.536
      403  0.000   0.993   1   -0.490
      404  0.000   0.993   1   -0.433
      405  0.000   0.993   1   -0.386
      406  0.000   0.993   1   -0.322
      407  0.000   0.992   1   -0.270
      408  0.000   0.992   1   -0.225
      409  0.000   0.992   1   -0.175
      410  0.000   0.992   1   -0.110
      411  0.000   0.992   1   -0.061
      412  0.000   0.992   1   -0.026
      413  0.000   0.992   1   -0.004
      414  0.000   0.992   1    0.028
      415  0.000   0.992   1    0.084
      416  0.000   0.992   1    0.144
      417  0.000   0.992   1    0.210
      418  0.000   0.992   1    0.285
      419  0.000   0.992   1    0.351
      420  0.000   0.992   1    0.394
      421  0.000   0.992   1    0.421
      422  0.000   0.992   1    0.444
      423  0.000   0.992   1    0.453
      424  0.000   0.992   1    0.462
      425  0.000   0.992   1    0.480
      426  0.000   0.991   1    0.506
      427  0.000   0.988   1    0.535
      428  0.000   0.987   1    0.575
      429  0.000   0.987   1    0.608
      430  0.000   0.987   1    0.632
      431  0.000   0.987   1    0.671
      432  0.000   0.987   1    0.734
      433  0.000   0.987   1    0.803
      434  0.000   0.987   1    0.824
      435  0.000   0.975   1    0.848
      436  0.000   0.971   1    0.853
      437  0.000   0.968   1    0.873
      438  0.000   0.967   1    0.905
      439  0.000   0.963   1    0.938
      440  0.000   0.959   1    0.952
      441  0.000   0.959   1    0.955
      442  0.000   0.958   1    0.961
      443  0.000   0.938   1    0.983
      444  0.000   0.937   1    0.988
      445  0.000   0.937   1    1.004
      446  0.000   0.937   1    1.009
      447  0.000   0.937   1    1.008
      448  0.000   0.937   1    0.973
      449  0.000   0.937   1    0.932
      450  0.000   0.937   1    0.893
      451  0.000   0.937   1    0.871
      452  0.000   0.937   1    0.854
      453  0.000   0.937   1    0.814
      454  0.000   0.937   1    0.779
      455  0.000   0.937   1    0.745
      456  0.000   0.937   1    0.704
      457  0.000   0.937   1    0.664
      458  0.001   0.938   1    0.620
      459  0.000   0.938   1    0.575
      460  0.000   0.938   1    0.523
      461  0.000   0.938   1    0.463
      462  0.000   0.938   1    0.416
      463  0.000   0.938   1    0.378
      464  0.000   0.938   1    0.323
      465  0.001   0.939   1    0.273
      466  0.004   0.942   1    0.225
      467  0.002   0.944   1    0.176
      468  0.001   0.945   1    0.138
      469  0.001   0.946   1    0.109
      470  0.000   0.946   1    0.066
      471  0.000   0.946   1    0.031
      472  0.000   0.946   1   -0.011
      473  0.000   0.946   1   -0.075
      474  0.000   0.947   1   -0.134
      475  0.000   0.947   1   -0.188
      476  0.000   0.947   1   -0.230
      477  0.000   0.947   1   -0.283
      478  0.000   0.947   1   -0.321
      479  0.000   0.947   1   -0.356
      480  0.000   0.947   1   -0.396
      481  0.000   0.947   1   -0.440
      482  0.000   0.947   1   -0.490
      483  0.000   0.947   1   -0.538
      484  0.000   0.947   1   -0.579
      485  0.000   0.947   1   -0.602
      486  0.000   0.947   1   -0.650
      487  0.000   0.947   1   -0.714
      488  0.000   0.947   1   -0.786
      489  0.000   0.947   1   -0.822
      490  0.000   0.947   1   -0.855
      491  0.000   0.947   1   -0.875
      492  0.000   0.947   1   -0.902
      493  0.000   0.947   1   -0.936
      494  0.000   0.947   1   -0.976
      495  0.000   0.945   1   -1.013
      496  0.000   0.942   1   -1.048
      497  0.000   0.942   1   -1.072
      498  0.000   0.942   1   -1.089
      499  0.000   0.942   1   -1.090
      500  0.000   0.941   1   -1.094
      501  0.000   0.938   1   -1.091
      502  0.000   0.905   1   -1.098
      503  0.000   0.812   1   -1.074
      504  0.000   0.735   1   -1.057
      505  0.000   0.597   1   -1.052
      506  0.000   0.575   1   -1.068
      507  0.000   0.405   1   -1.085
      508  0.000   0.391   1   -1.077
      509  0.000   0.386   1   -1.070
      510  0.000   0.301   1   -1.056
      511  0.000   0.055   0   -1.042
      512  0.000   0.049   0   -1.023
      513  0.000   0.048   0   -1.002
      514  0.000   0.048   0   -0.982
      515  0.000   0.048   0   -0.950
      516  0.001   0.047   0   -0.930
      517  0.002   0.046   0   -0.920
      518  0.000   0.046   0   -0.908
      519  0.000   0.041   0   -0.883
      520  0.000   0.041   0   -0.871
      521  0.000   0.041   0   -0.845
      522  0.000   0.041   0   -0.821
      523  0.000   0.041   0   -0.822
      524  0.000   0.040   0   -0.824
      525  0.000   0.040   0   -0.823
      526  0.000   0.040   0   -0.822
      527  0.000   0.040   0   -0.816
      528  0.000   0.040   0   -0.792
      529  0.000   0.037   0   -0.757
      530  0.000   0.037   0   -0.736
      531  0.000   0.037   0   -0.726
      532  0.000   0.036   0   -0.707
      533  0.000   0.032   0   -0.679
      534  0.000   0.021   0   -0.648
      535  0.000   0.021   0   -0.615
      536  0.000   0.021   0   -0.584
      537  0.000   0.021   0   -0.558
      538  0.000   0.020   0   -0.547
      539  0.000   0.018   0   -0.542
      540  0.000   0.015   0   -0.541
      541  0.000   0.014   0   -0.527
      542  0.000   0.014   0   -0.501
      543  0.000   0.014   0   -0.467
      544  0.000   0.014   0   -0.433
      545  0.000   0.014   0   -0.425
      546  0.000   0.014   0   -0.435
      547  0.000   0.014   0   -0.451
      548  0.000   0.014   0   -0.477
      549  0.000   0.014   0   -0.502
      550  0.000   0.015   0   -0.510
      551  0.000   0.015   0   -0.514
      552  0.000   0.015   0   -0.512
      553  0.000   0.015   0   -0.510
      554  0.000   0.015   0   -0.519
      555  0.000   0.015   0   -0.536
      556  0.000   0.015   0   -0.566
      557  0.000   0.015   0   -0.590
      558  0.001   0.015   0   -0.624
      559  0.001   0.016   0   -0.655
      560  0.000   0.016   0   -0.669
      561  0.000   0.016   0   -0.652
      562  0.000   0.016   0   -0.624
      563  0.000   0.016   0   -0.606
      564  0.000   0.016   0   -0.618
      565  0.000   0.016   0   -0.646
      566  0.000   0.016   0   -0.688
      567  0.001   0.017   0   -0.749
      568  0.000   0.017   0   -0.795
      569  0.000   0.017   0   -0.836
      570  0.000   0.017   0   -0.876
      571  0.000   0.017   0   -0.898
      572  0.000   0.017   0   -0.926
      573  0.000   0.017   0   -0.962
      574  0.000   0.017   0   -1.008
      575  0.000   0.017   0   -1.051
      576  0.000   0.017   0   -1.102
      577  0.003   0.020   0   -1.142
      578  0.000   0.020   0   -1.169
      579  0.000   0.020   0   -1.203
      580  0.000   0.021   0   -1.216
      581  0.000   0.021   0   -1.229
      582  0.000   0.021   0   -1.233
      583  0.000   0.021   0   -1.260
      584  0.000   0.021   0   -1.296
      585  0.000   0.021   0   -1.335
      586  0.000   0.021   0   -1.376
      587  0.000   0.021   0   -1.420
      588  0.000   0.021   0   -1.445
      589  0.000   0.021   0   -1.474
      590  0.000   0.021   0   -1.498
      591  0.000   0.021   0   -1.516
      592  0.000   0.021   0   -1.537
      593  0.000   0.021   0   -1.546
      594  0.000   0.021   0   -1.547
      595  0.000   0.021   0   -1.546
      596  0.000   0.021   0   -1.533
      597  0.000   0.021   0   -1.537
      598  0.000   0.021   0   -1.536
      599  0.000   0.021   0   -1.553
      600  0.000   0.020   0   -1.578
      601  0.000   0.020   0   -1.583
      602  0.000   0.020   0   -1.580
      603  0.000   0.020   0   -1.555
      604  0.000   0.020   0   -1.519
      605  0.000   0.019   0   -1.491
      606  0.000   0.019   0   -1.475
      607  0.000   0.019   0   -1.468
      608  0.000   0.019   0   -1.488
      609  0.000   0.019   0   -1.506
      610  0.000   0.019   0   -1.516
      611  0.000   0.019   0   -1.508
      612  0.000   0.019   0   -1.482
      613  0.000   0.015   0   -1.458
      614  0.000   0.013   0   -1.439
      615  0.000   0.012   0   -1.446
      616  0.000   0.011   0   -1.463
      617  0.000   0.011   0   -1.487
      618  0.000   0.011   0   -1.515
      619  0.000   0.011   0   -1.534
      620  0.000   0.011   0   -1.541
      621  0.000   0.011   0   -1.528
      622  0.000   0.011   0   -1.497
      623  0.000   0.011   0   -1.459
      624  0.000   0.011   0   -1.432
      625  0.000   0.011   0   -1.412
      626  0.000   0.011   0   -1.402
      627  0.000   0.011   0   -1.386
      628  0.000   0.011   0   -1.383
      629  0.000   0.011   0   -1.382
      630  0.000   0.011   0   -1.382
      631  0.000   0.011   0   -1.371
      632  0.000   0.011   0   -1.357
      633  0.000   0.011   0   -1.339
      634  0.000   0.010   0   -1.320
      635  0.000   0.010   0   -1.308
      636  0.000   0.010   0   -1.325
      637  0.000   0.010   0   -1.344
      638  0.000   0.010   0   -1.329
      639  0.000   0.010   0   -1.311
      640  0.000   0.010   0   -1.285
      641  0.000   0.010   0   -1.253
      642  0.000   0.010   0   -1.216
      643  0.000   0.010   0   -1.194
      644  0.000   0.010   0   -1.176
      645  0.000   0.010   0   -1.168
      646  0.000   0.010   0   -1.178
      647  0.000   0.010   0   -1.194
      648  0.000   0.010   0   -1.227
      649  0.000   0.010   0   -1.255
      650  0.000   0.010   0   -1.272
      651  0.000   0.010   0   -1.292
      652  0.000   0.010   0   -1.292
      653  0.000   0.010   0   -1.313
      654  0.000   0.010   0   -1.327
      655  0.000   0.010   0   -1.317
      656  0.000   0.010   0   -1.299
      657  0.000   0.010   0   -1.288
      658  0.000   0.010   0   -1.312
      659  0.000   0.010   0   -1.334
      660  0.000   0.010   0   -1.342
      661  0.000   0.010   0   -1.318
      662  0.000   0.010   0   -1.313
      663  0.000   0.008   0   -1.298
      664  0.000   0.006   0   -1.291
      665  0.000   0.006   0   -1.274
      666  0.000   0.006   0   -1.271
      667  0.001   0.007   0   -1.260
      668  0.001   0.008   0   -1.245
      669  0.001   0.009   0   -1.242
      670  0.015   0.024   0   -1.245
      671  0.001   0.024   0   -1.257
      672  0.000   0.024   0   -1.259
      673  0.000   0.024   0   -1.255
      674  0.000   0.024   0   -1.229
      675  0.000   0.024   0   -1.208
      676  0.000   0.025   0   -1.190
      677  0.000   0.025   0   -1.188
      678  0.005   0.030   0   -1.210
      679  0.006   0.036   0   -1.227
      680  0.002   0.038   0   -1.243
      681  0.017   0.055   0   -1.256
      682  0.001   0.056   0   -1.255
      683  0.059   0.115   0   -1.243
      684  0.012   0.126   0   -1.212
      685  0.004   0.131   0   -1.186
      686  0.000   0.131   0   -1.165
      687  0.000   0.131   0   -1.152
      688  0.000   0.131   0   -1.146
      689  0.000   0.131   0   -1.138
      690  0.000   0.131   0   -1.151
      691  0.016   0.147   0   -1.135
      692  0.001   0.148   0   -1.120
      693  0.002   0.150   0   -1.113
      694  0.000   0.150   0   -1.101
      695  0.000   0.150   0   -1.083
      696  0.000   0.150   0   -1.058
      697  0.000   0.150   0   -1.034
      698  0.000   0.150   0   -1.019
      699  0.000   0.150   0   -1.011
      700  0.000   0.150   0   -0.993
      701  0.000   0.150   0   -0.966
      702  0.000   0.150   0   -0.913
      703  0.000   0.150   0   -0.858
      704  0.000   0.150   0   -0.813
      705  0.000   0.149   0   -0.777
      706  0.000   0.148   0   -0.751
      707  0.000   0.148   0   -0.751
      708  0.001   0.149   0   -0.737
      709  0.018   0.168   0   -0.710
      710  0.003   0.171   0   -0.691
      711  0.019   0.189   0   -0.668
      712  0.002   0.192   0   -0.638
      713  0.024   0.215   0   -0.579
      714  0.008   0.222   0   -0.522
      715  0.005   0.227   0   -0.484
      716  0.001   0.228   0   -0.450
      717  0.005   0.233   0   -0.415
      718  0.000   0.234   0   -0.385
      719  0.000   0.234   0   -0.354
      720  0.000   0.234   0   -0.329
      721  0.001   0.235   0   -0.295
      722  0.000   0.235   0   -0.271
      723  0.000   0.235   0   -0.261
      724  0.000   0.232   0   -0.218
      725  0.000   0.232   0   -0.157
      726  0.000   0.232   0   -0.095
      727  0.001   0.232   0   -0.034
      728  0.001   0.233   0    0.012
      729  0.005   0.238   0    0.056
      730  0.300   0.539   1    0.100
      731  0.190   0.729   1    0.133
      732  0.111   0.840   1    0.161
      733  0.122   0.962   1    0.186
      734  0.002   0.964   1    0.217
      735  0.001   0.965   1    0.257
      736  0.001   0.965   1    0.309
      737  0.003   0.968   1    0.355
      738  0.000   0.969   1    0.403
      739  0.003   0.971   1    0.441
      740  0.000   0.971   1    0.466
      741  0.001   0.972   1    0.486
      742  0.000   0.972   1    0.499
      743  0.001   0.973   1    0.521
      744  0.000   0.973   1    0.529
      745  0.000   0.973   1    0.549
      746  0.000   0.973   1    0.556
      747  0.000   0.973   1    0.588
      748  0.001   0.974   1    0.608
      749  0.000   0.975   1    0.617
      750  0.000   0.975   1    0.623
      751  0.000   0.975   1    0.620
      752  0.000   0.975   1    0.617
      753  0.000   0.975   1    0.610
      754  0.001   0.975   1    0.641
      755  0.000   0.976   1    0.684
      756  0.000   0.976   1    0.726
      757  0.000   0.976   1    0.754
      758  0.000   0.976   1    0.780
      759  0.000   0.976   1    0.819
      760  0.000   0.976   1    0.846
      761  0.010   0.985   1    0.875
      762  0.004   0.989   1    0.915
      763  0.002   0.991   1    0.957
      764  0.000   0.991   1    0.984
      765  0.000   0.991   1    1.006
      766  0.000   0.991   1    1.005
      767  0.000   0.991   1    1.013
      768  0.000   0.991   1    1.007
      769  0.000   0.991   1    0.995
      770  0.000   0.991   1    0.974
      771  0.000   0.991   1    0.939
      772  0.000   0.991   1    0.930
      773  0.000   0.991   1    0.930
      774  0.000   0.991   1    0.940
      775  0.000   0.991   1    0.960
      776  0.001   0.992   1    0.991
      777  0.000   0.992   1    1.012
      778  0.000   0.992   1    1.031
      779  0.000   0.992   1    1.033
      780  0.000   0.992   1    1.021
      781  0.000   0.992   1    1.011
      782  0.000   0.992   1    0.992
      783  0.000   0.992   1    0.996
      784  0.000   0.992   1    0.976
      785  0.000   0.992   1    0.969
      786  0.000   0.993   1    0.958
      787  0.000   0.993   1    0.967
      788  0.000   0.993   1    0.981
      789  0.000   0.993   1    0.991
      790  0.000   0.993   1    0.990
      791  0.000   0.993   1    0.973
      792  0.000   0.993   1    0.953
      793  0.000   0.993   1    0.945
      794  0.000   0.993   1    0.940
      795  0.003   0.996   1    0.948
      796  0.000   0.997   1    0.950
      797  0.000   0.997   1    0.961
      798  0.000   0.997   1    0.971
      799  0.000   0.997   1    1.003
      800  0.000   0.997   1    1.034
      801  0.000   0.997   1    1.063
      802  0.000   0.997   1    1.071
      803  0.000   0.997   1    1.072
      804  0.000   0.997   1    1.080
      805  0.000   0.997   1    1.091
      806  0.000   0.997   1    1.111
      807  0.000   0.997   1    1.145
      808  0.000   0.997   1    1.170
      809  0.000   0.997   1    1.166
      810  0.000   0.997   1    1.137
      811  0.000   0.997   1    1.116
      812  0.000   0.997   1    1.081
      813  0.000   0.997   1    1.046
      814  0.000   0.996   1    0.998
      815  0.000   0.995   1    0.959
      816  0.000   0.994   1    0.919
      817  0.000   0.979   1    0.884
      818  0.000   0.979   1    0.858
      819  0.000   0.979   1    0.841
      820  0.000   0.979   1    0.841
      821  0.000   0.979   1    0.847
      822  0.000   0.978   1    0.848
      823  0.000   0.978   1    0.839
      824  0.000   0.978   1    0.842
      825  0.000   0.973   1    0.825
      826  0.000   0.967   1    0.812
      827  0.000   0.965   1    0.793
      828  0.000   0.948   1    0.772
      829  0.000   0.947   1    0.758
      830  0.000   0.888   1    0.716
      831  0.000   0.876   1    0.682
      832  0.000   0.872   1    0.655
      833  0.000   0.872   1    0.637
      834  0.000   0.872   1    0.609
      835  0.000   0.872   1    0.597
      836  0.000   0.872   1    0.581
      837  0.000   0.872   1    0.565
      838  0.000   0.856   1    0.534
      839  0.000   0.855   1    0.516
      840  0.000   0.853   1    0.496
      841  0.000   0.853   1    0.500
      842  0.000   0.853   1    0.492
      843  0.000   0.853   1    0.475
      844  0.000   0.853   1    0.462
      845  0.000   0.853   1    0.463
      846  0.000   0.853   1    0.461
      847  0.000   0.853   1    0.457
      848  0.000   0.853   1    0.425
      849  0.000   0.853   1    0.378
      850  0.000   0.853   1    0.339
      851  0.000   0.853   1    0.297
      852  0.000   0.853   1    0.272
      853  0.000   0.853   1    0.260
      854  0.000   0.853   1    0.235
      855  0.000   0.852   1    0.203
      856  0.000   0.834   1    0.168
      857  0.000   0.831   1    0.135
      858  0.000   0.812   1    0.111
      859  0.000   0.810   1    0.093
      860  0.000   0.786   1    0.081
      861  0.000   0.779   1    0.063
      862  0.000   0.773   1    0.020
      863  0.000   0.772   1   -0.016
      864  0.000   0.767   1   -0.039
      865  0.000   0.766   1   -0.045
      866  0.000   0.766   1   -0.049
      867  0.000   0.766   1   -0.061
      868  0.000   0.766   1   -0.055
      869  0.000   0.765   1   -0.053
      870  0.000   0.765   1   -0.054
      871  0.000   0.765   1   -0.049
      872  0.000   0.765   1   -0.033
      873  0.000   0.765   1   -0.031
      874  0.000   0.765   1   -0.036
      875  0.000   0.764   1   -0.063
      876  0.000   0.758   1   -0.098
      877  0.000   0.458   0   -0.138
      878  0.000   0.268   0   -0.159
      879  0.000   0.157   0   -0.195
      880  0.000   0.035   0   -0.201
      881  0.000   0.033   0   -0.212
      882  0.000   0.032   0   -0.216
      883  0.000   0.031   0   -0.214
      884  0.000   0.029   0   -0.210
      885  0.000   0.028   0   -0.196
      886  0.000   0.026   0   -0.212
      887  0.000   0.026   0   -0.237
      888  0.000   0.025   0   -0.266
      889  0.000   0.025   0   -0.279
      890  0.000   0.024   0   -0.299
      891  0.000   0.024   0   -0.311
      892  0.000   0.024   0   -0.312
      893  0.000   0.024   0   -0.301
      894  0.000   0.023   0   -0.286
      895  0.000   0.023   0   -0.292
      896  0.000   0.022   0   -0.306
      897  0.000   0.022   0   -0.312
      898  0.000   0.022   0   -0.317
      899  0.000   0.022   0   -0.326
      900  0.000   0.022   0   -0.348
      901  0.000   0.021   0   -0.363
      902  0.000   0.021   0   -0.369
      903  0.000   0.021   0   -0.349
      904  0.000   0.021   0   -0.321
      905  0.000   0.021   0   -0.300
      906  0.000   0.021   0   -0.271
      907  0.000   0.021   0   -0.270
      908  0.000   0.012   0   -0.282
      909  0.000   0.008   0   -0.270
      910  0.000   0.006   0   -0.259
      911  0.000   0.006   0   -0.242
      912  0.000   0.006   0   -0.229
      913  0.000   0.006   0   -0.209
      914  0.000   0.006   0   -0.204
      915  0.000   0.006   0   -0.205
      916  0.000   0.006   0   -0.190
      917  0.000   0.006   0   -0.161
      918  0.000   0.006   0   -0.143
      919  0.002   0.008   0   -0.134
      920  0.000   0.008   0   -0.121
      921  0.000   0.008   0   -0.115
      922  0.000   0.008   0   -0.106
      923  0.000   0.007   0   -0.103
      924  0.000   0.007   0   -0.096
      925  0.000   0.007   0   -0.088
      926  0.000   0.007   0   -0.082
      927  0.000   0.007   0   -0.099
      928  0.000   0.007   0   -0.104
      929  0.000   0.007   0   -0.099
      930  0.000   0.007   0   -0.078
      931  0.001   0.008   0   -0.058
      932  0.000   0.008   0   -0.042
      933  0.000   0.008   0   -0.018
      934  0.000   0.008   0    0.023
      935  0.000   0.008   0    0.053
      936  0.000   0.008   0    0.091
      937  0.000   0.008   0    0.119
      938  0.000   0.008   0    0.141
      939  0.000   0.008   0    0.160
      940  0.000   0.008   0    0.179
      941  0.000   0.008   0    0.214
      942  0.000   0.005   0    0.240
      943  0.001   0.005   0    0.276
      944  0.000   0.005   0    0.292
      945  0.000   0.005   0    0.309
      946  0.000   0.005   0    0.336
      947  0.000   0.005   0    0.362
      948  0.005   0.010   0    0.350
      949  0.009   0.018   0    0.355
      950  0.001   0.019   0    0.369
      951  0.000   0.019   0    0.394
      952  0.000   0.020   0    0.412
      953  0.000   0.020   0    0.441
      954  0.009   0.029   0    0.469
      955  0.704   0.733   1    0.504
      956  0.140   0.873   1    0.548
      957  0.036   0.909   1    0.583
      958  0.004   0.913   1    0.609
      959  0.000   0.914   1    0.626
      960  0.003   0.917   1    0.647
      961  0.033   0.950   1    0.670
      962  0.006   0.956   1    0.704
      963  0.001   0.958   1    0.752
      964  0.002   0.959   1    0.785
      965  0.003   0.963   1    0.836
      966  0.037   1.000   1    0.874
      967  0.000   1.000   1    0.912
      968  0.000   1.000   1    0.926
      969  0.000   1.000   1    0.964
      970  0.000   1.000   1    0.990
      971  0.000   1.000   1    0.997
      972  0.000   1.000   1    0.989
      973  0.000   1.000   1    0.997
      974  0.000   1.000   1    1.015
      975  0.000   1.000   1    1.034
      976  0.000   1.000   1    1.058
      977  0.000   1.000   1    1.108
      978  0.000   1.000   1    1.149
      979  0.000   1.000   1    1.193
      980  0.000   1.000   1    1.230
      981  0.000   1.000   1    1.263
      982  0.000   1.000   1    1.299
      983  0.000   1.000   1    1.336
      984  0.000   1.000   1    1.360
      985  0.000   1.000   1    1.386
      986  0.000   1.000   1    1.418
      987  0.000   1.000   1    1.460
      988  0.000   1.000   1    1.490
      989  0.000   1.000   1    1.512
      990  0.000   1.000   1    1.535
      991  0.000   1.000   1    1.565
      992  0.000   1.000   1    1.581
      993  0.000   1.000   1    1.605
      994  0.000   1.000   1    1.632
      995  0.000   1.000   1    1.661
      996  0.000   1.000   1    1.681
      997  0.000   1.000   1    1.701
      998  0.000   1.000   1    1.714
      999  0.000   1.000   1    1.739
     1000  0.000   1.000   1    1.786
     1001  0.000   1.000   1    1.838
     1002  0.000   1.000   1    1.877
     1003  0.000   1.000   1    1.940
     1004  0.000   1.000   1    1.973
     1005  0.000   1.000   1    2.006
     1006  0.000   1.000   1    2.030
     1007  0.000   1.000   1    2.065
     1008  0.000   1.000   1    2.093
     1009  0.000   1.000   1    2.115
     1010  0.000   1.000   1    2.136
     1011  0.000   1.000   1    2.153
     1012  0.000   1.000   1    2.177
     1013  0.000   1.000   1    2.212
     1014  0.000   1.000   1    2.230
     1015  0.000   1.000   1    2.250
     1016  0.000   1.000   1    2.274
     1017  0.000   1.000   1    2.301
     1018  0.000   1.000   1    2.310
     1019  0.000   1.000   1    2.315
     1020  0.000   1.000   1    2.305
     1021  0.000   1.000   1    2.312
     1022  0.000   1.000   1    2.323
     1023  0.000   1.000   1    2.358
     1024  0.000   1.000   1    2.373
     1025  0.000   1.000   1    2.403
     1026  0.000   1.000   1    2.437
     1027  0.000   1.000   1    2.482
     1028  0.000   1.000   1    2.521
     1029  0.000   1.000   1    2.543
     1030  0.000   1.000   1    2.559
     1031  0.000   1.000   1    2.574
     1032  0.000   1.000   1    2.573
     1033  0.000   1.000   1    2.581
     1034  0.000   1.000   1    2.589
     1035  0.000   1.000   1    2.605
     1036  0.000   1.000   1    2.629
     1037  0.000   1.000   1    2.665
     1038  0.000   1.000   1    2.685
     1039  0.000   1.000   1    2.722
     1040  0.000   1.000   1    2.745
     1041  0.000   1.000   1    NA
     1042  0.000   1.000   1    NA
     1043  0.000   1.000   1    NA
     1044  0.000   1.000   1    NA
     1045  0.000   1.000   1    NA
     1046  0.000   1.000   1    NA
     1047  0.000   1.000   1    NA
     1048  0.000   1.000   1    NA
     1049  0.000   1.000   1    NA
     1050  0.000   1.000   1    NA
     1051  0.000   1.000   1    NA
     1052  0.000   1.000   1    NA
     1053  0.000   1.000   1    NA
     1054  0.000   1.000   1    NA
     1055  0.000   1.000   1    NA
     1056  0.000   1.000   1    NA
     1057  0.000   1.000   1    NA
     1058  0.000   1.000   1    NA
     1059  0.000   1.000   1    NA
     1060  0.000   1.000   1    NA
     1061  0.000   1.000   1    NA
     1062  0.000   1.000   1    NA
     1063  0.000   1.000   1    NA
     1064  0.000   1.000   1    NA
     1065  0.000   1.000   1    NA
     1066  0.000   0.998   1    NA
     1067  0.000   0.998   1    NA
     1068  0.000   0.998   1    NA
     1069  0.000   0.998   1    NA
     1070  0.000   0.998   1    NA
     1071  0.000   0.998   1    NA
     1072  0.000   0.998   1    NA
     1073  0.000   0.998   1    NA
     1074  0.000   0.998   1    NA
     1075  0.000   0.998   1    NA
     1076  0.000   0.998   1    NA
     1077  0.000   0.998   1    NA
     1078  0.000   0.997   1    NA
     1079  0.000   0.996   1    NA
     1080  0.000   0.996   1    NA
     1081  0.000   0.996   1    NA
     1082  0.000   0.996   1    NA
     1083  0.000   0.996   1    NA
     1084  0.000   0.996   1    NA
     1085  0.000   0.996   1    NA
     1086  0.000   0.996   1    NA
     1087  0.000   0.996   1    NA
     1088  0.000   0.996   1    NA
     1089  0.000   0.996   1    NA
     1090  0.000   0.995   1    NA
     1091  0.000   0.995   1    NA
     1092  0.000   0.995   1    NA
     1093  0.000   0.995   1    NA
     1094  0.000   0.995   1    NA
     1095  0.000   0.990   1    NA
     1096  0.000   0.982   1    NA
     1097  0.000   0.981   1    NA
     1098  0.000   0.981   1    NA
     1099  0.000   0.980   1    NA
     1100  0.000   0.980   1    NA
     1101  0.000   0.971   1    NA
     1102  0.000   0.267   0    NA
     1103  0.000   0.127   0    NA
     1104  0.000   0.091   0    NA
     1105  0.000   0.087   0    NA
     1106  0.000   0.086   0    NA
     1107  0.000   0.083   0    NA
     1108  0.000   0.050   0    NA
     1109  0.000   0.044   0    NA
     1110  0.000   0.042   0    NA
     1111  0.000   0.041   0    NA
     1112  0.000   0.037   0    NA
     1113  0.000   0.000   0    NA
