 Position  P-start Occup  N/L  Affinity
        1  0.000   0.000   0    NA
        2  0.000   0.000   0    NA
        3  0.000   0.001   0    NA
        4  0.000   0.001   0    NA
        5  0.000   0.001   0    NA
        6  0.000   0.001   0    NA
        7  0.001   0.003   0    NA
        8  0.001   0.003   0    NA
        9  0.000   0.003   0    NA
       10  0.000   0.003   0    NA
       11  0.000   0.003   0    NA
       12  0.000   0.004   0    NA
       13  0.001   0.005   0    NA
       14  0.000   0.005   0    NA
       15  0.001   0.006   0    NA
       16  0.000   0.006   0    NA
       17  0.000   0.006   0    NA
       18  0.000   0.006   0    NA
       19  0.002   0.008   0    NA
       20  0.003   0.011   0    NA
       21  0.002   0.013   0    NA
       22  0.001   0.015   0    NA
       23  0.000   0.015   0    NA
       24  0.001   0.016   0    NA
       25  0.001   0.017   0    NA
       26  0.000   0.017   0    NA
       27  0.000   0.017   0    NA
       28  0.000   0.017   0    NA
       29  0.000   0.017   0    NA
       30  0.000   0.017   0    NA
       31  0.000   0.017   0    NA
       32  0.001   0.018   0    NA
       33  0.006   0.025   0    NA
       34  0.002   0.027   0    NA
       35  0.000   0.027   0    NA
       36  0.000   0.027   0    NA
       37  0.000   0.028   0    NA
       38  0.274   0.302   0    NA
       39  0.086   0.388   0    NA
       40  0.014   0.402   0    NA
       41  0.001   0.403   0    NA
       42  0.042   0.446   0    NA
       43  0.042   0.488   0    NA
       44  0.001   0.489   0    NA
       45  0.000   0.489   0    NA
       46  0.000   0.490   0    NA
       47  0.001   0.490   0    NA
       48  0.000   0.490   0    NA
       49  0.000   0.490   0    NA
       50  0.000   0.491   0    NA
       51  0.029   0.520   0    NA
       52  0.000   0.520   0    NA
       53  0.000   0.520   0    NA
       54  0.001   0.521   0    NA
       55  0.002   0.523   0    NA
       56  0.026   0.549   0    NA
       57  0.009   0.558   0    NA
       58  0.000   0.559   0    NA
       59  0.000   0.559   0    NA
       60  0.000   0.559   0    NA
       61  0.000   0.559   0    NA
       62  0.000   0.559   0    NA
       63  0.000   0.559   0    NA
       64  0.000   0.559   0    NA
       65  0.000   0.559   0    NA
       66  0.000   0.560   0    NA
       67  0.000   0.560   0    NA
       68  0.000   0.560   0    NA
       69  0.000   0.560   0    NA
       70  0.002   0.563   0    NA
       71  0.000   0.563   0    NA
       72  0.000   0.563   0    NA
       73  0.000   0.563   0    NA
       74  0.000   0.563   0    1.125
       75  0.000   0.564   0    1.108
       76  0.000   0.564   0    1.103
       77  0.001   0.565   0    1.070
       78  0.000   0.566   0    1.092
       79  0.000   0.566   0    1.116
       80  0.000   0.566   0    1.134
       81  0.000   0.567   0    1.125
       82  0.004   0.570   0    1.103
       83  0.000   0.571   0    1.103
       84  0.030   0.601   0    1.140
       85  0.004   0.605   0    1.169
       86  0.000   0.605   0    1.194
       87  0.000   0.605   0    1.205
       88  0.000   0.605   0    1.234
       89  0.002   0.608   0    1.261
       90  0.280   0.888   1    1.268
       91  0.081   0.969   1    1.271
       92  0.028   0.997   1    1.271
       93  0.001   0.998   1    1.277
       94  0.000   0.998   1    1.273
       95  0.000   0.998   1    1.271
       96  0.000   0.998   1    1.276
       97  0.000   0.998   1    1.292
       98  0.000   0.998   1    1.289
       99  0.000   0.998   1    1.278
      100  0.000   0.998   1    1.283
      101  0.000   0.998   1    1.293
      102  0.000   0.999   1    1.319
      103  0.000   0.999   1    1.335
      104  0.000   0.999   1    1.340
      105  0.000   0.999   1    1.338
      106  0.000   0.999   1    1.335
      107  0.000   0.999   1    1.316
      108  0.000   0.999   1    1.304
      109  0.000   0.999   1    1.300
      110  0.000   0.999   1    1.306
      111  0.000   0.999   1    1.324
      112  0.000   0.999   1    1.343
      113  0.000   0.999   1    1.343
      114  0.000   0.999   1    1.334
      115  0.000   0.999   1    1.337
      116  0.000   0.999   1    1.341
      117  0.000   0.999   1    1.354
      118  0.000   0.999   1    1.356
      119  0.000   0.999   1    1.344
      120  0.000   0.999   1    1.321
      121  0.000   0.999   1    1.314
      122  0.000   0.999   1    1.310
      123  0.000   0.999   1    1.313
      124  0.000   0.999   1    1.313
      125  0.000   0.999   1    1.306
      126  0.000   0.999   1    1.301
      127  0.000   0.999   1    1.310
      128  0.000   0.999   1    1.333
      129  0.000   0.999   1    1.348
      130  0.000   0.999   1    1.376
      131  0.000   0.999   1    1.390
      132  0.000   0.999   1    1.416
      133  0.000   0.999   1    1.404
      134  0.000   0.999   1    1.393
      135  0.000   0.999   1    1.397
      136  0.000   0.999   1    1.430
      137  0.000   0.999   1    1.468
      138  0.000   0.999   1    1.485
      139  0.000   0.999   1    1.466
      140  0.000   0.999   1    1.440
      141  0.000   0.999   1    1.405
      142  0.000   0.999   1    1.380
      143  0.000   0.999   1    1.340
      144  0.000   0.999   1    1.309
      145  0.000   0.999   1    1.294
      146  0.000   0.999   1    1.281
      147  0.000   0.999   1    1.265
      148  0.000   0.999   1    1.248
      149  0.000   0.999   1    1.239
      150  0.000   0.998   1    1.232
      151  0.000   0.998   1    1.217
      152  0.000   0.998   1    1.199
      153  0.000   0.998   1    1.195
      154  0.000   0.996   1    1.203
      155  0.000   0.995   1    1.197
      156  0.000   0.995   1    1.178
      157  0.000   0.995   1    1.145
      158  0.000   0.995   1    1.107
      159  0.000   0.995   1    1.079
      160  0.000   0.994   1    1.068
      161  0.000   0.994   1    1.055
      162  0.000   0.993   1    1.053
      163  0.000   0.993   1    1.051
      164  0.000   0.993   1    1.044
      165  0.000   0.993   1    1.027
      166  0.000   0.991   1    1.004
      167  0.000   0.988   1    0.971
      168  0.000   0.986   1    0.959
      169  0.000   0.985   1    0.935
      170  0.000   0.984   1    0.907
      171  0.000   0.983   1    0.857
      172  0.000   0.982   1    0.821
      173  0.000   0.982   1    0.793
      174  0.000   0.982   1    0.780
      175  0.000   0.982   1    0.773
      176  0.000   0.982   1    0.747
      177  0.000   0.982   1    0.710
      178  0.000   0.982   1    0.663
      179  0.000   0.981   1    0.626
      180  0.000   0.974   1    0.600
      181  0.000   0.972   1    0.571
      182  0.000   0.972   1    0.539
      183  0.000   0.972   1    0.503
      184  0.000   0.972   1    0.478
      185  0.000   0.697   1    0.431
      186  0.001   0.612   1    0.386
      187  0.002   0.601   1    0.363
      188  0.000   0.599   1    0.342
      189  0.000   0.557   1    0.315
      190  0.000   0.515   1    0.257
      191  0.000   0.514   1    0.199
      192  0.000   0.513   1    0.146
      193  0.000   0.513   1    0.100
      194  0.000   0.512   1    0.066
      195  0.000   0.512   1    0.042
      196  0.000   0.513   1    0.039
      197  0.001   0.513   1    0.040
      198  0.001   0.485   1    0.032
      199  0.000   0.484   1    0.002
      200  0.000   0.484   1   -0.029
      201  0.000   0.483   1   -0.062
      202  0.000   0.481   1   -0.074
      203  0.000   0.455   1   -0.094
      204  0.000   0.446   1   -0.118
      205  0.000   0.446   1   -0.142
      206  0.000   0.445   1   -0.157
      207  0.000   0.445   1   -0.183
      208  0.000   0.445   1   -0.203
      209  0.000   0.445   1   -0.232
      210  0.000   0.445   1   -0.256
      211  0.000   0.445   1   -0.260
      212  0.000   0.445   1   -0.267
      213  0.000   0.445   1   -0.266
      214  0.000   0.444   1   -0.261
      215  0.000   0.444   1   -0.261
      216  0.000   0.444   1   -0.256
      217  0.000   0.442   1   -0.281
      218  0.000   0.441   1   -0.328
      219  0.000   0.441   1   -0.369
      220  0.000   0.441   1   -0.390
      221  0.000   0.441   1   -0.393
      222  0.000   0.441   1   -0.396
      223  0.000   0.440   1   -0.399
      224  0.000   0.439   1   -0.414
      225  0.000   0.439   1   -0.423
      226  0.000   0.439   1   -0.433
      227  0.000   0.438   1   -0.447
      228  0.000   0.438   1   -0.459
      229  0.000   0.434   1   -0.469
      230  0.000   0.434   1   -0.485
      231  0.000   0.404   1   -0.492
      232  0.000   0.400   1   -0.477
      233  0.000   0.399   1   -0.451
      234  0.000   0.399   1   -0.443
      235  0.000   0.399   1   -0.441
      236  0.000   0.396   1   -0.442
      237  0.000   0.116   0   -0.451
      238  0.000   0.035   0   -0.462
      239  0.000   0.007   0   -0.479
      240  0.000   0.006   0   -0.487
      241  0.000   0.006   0   -0.475
      242  0.000   0.006   0   -0.481
      243  0.000   0.006   0   -0.483
      244  0.000   0.006   0   -0.485
      245  0.000   0.006   0   -0.476
      246  0.000   0.006   0   -0.491
      247  0.000   0.006   0   -0.519
      248  0.000   0.006   0   -0.546
      249  0.000   0.006   0   -0.559
      250  0.000   0.006   0   -0.576
      251  0.000   0.006   0   -0.605
      252  0.000   0.006   0   -0.650
      253  0.000   0.006   0   -0.680
      254  0.000   0.006   0   -0.700
      255  0.000   0.006   0   -0.725
      256  0.000   0.006   0   -0.770
      257  0.000   0.006   0   -0.827
      258  0.000   0.006   0   -0.880
      259  0.000   0.006   0   -0.918
      260  0.000   0.006   0   -0.954
      261  0.000   0.006   0   -0.989
      262  0.000   0.006   0   -1.015
      263  0.000   0.007   0   -1.045
      264  0.000   0.007   0   -1.074
      265  0.000   0.007   0   -1.114
      266  0.000   0.007   0   -1.173
      267  0.000   0.007   0   -1.233
      268  0.000   0.007   0   -1.290
      269  0.000   0.007   0   -1.360
      270  0.000   0.007   0   -1.429
      271  0.000   0.007   0   -1.471
      272  0.000   0.007   0   -1.481
      273  0.000   0.007   0   -1.468
      274  0.000   0.007   0   -1.462
      275  0.000   0.007   0   -1.463
      276  0.000   0.007   0   -1.473
      277  0.000   0.007   0   -1.489
      278  0.000   0.007   0   -1.525
      279  0.001   0.007   0   -1.536
      280  0.005   0.012   0   -1.551
      281  0.002   0.014   0   -1.556
      282  0.000   0.014   0   -1.550
      283  0.000   0.014   0   -1.559
      284  0.000   0.014   0   -1.555
      285  0.000   0.014   0   -1.552
      286  0.000   0.014   0   -1.552
      287  0.001   0.015   0   -1.579
      288  0.021   0.036   0   -1.605
      289  0.005   0.041   0   -1.611
      290  0.004   0.045   0   -1.622
      291  0.000   0.045   0   -1.644
      292  0.002   0.047   0   -1.656
      293  0.004   0.051   0   -1.664
      294  0.001   0.052   0   -1.680
      295  0.004   0.056   0   -1.678
      296  0.030   0.086   0   -1.690
      297  0.001   0.086   0   -1.701
      298  0.000   0.086   0   -1.718
      299  0.000   0.086   0   -1.734
      300  0.000   0.086   0   -1.727
      301  0.000   0.086   0   -1.701
      302  0.000   0.086   0   -1.653
      303  0.000   0.086   0   -1.604
      304  0.000   0.086   0   -1.578
      305  0.000   0.086   0   -1.562
      306  0.000   0.086   0   -1.529
      307  0.000   0.086   0   -1.480
      308  0.000   0.086   0   -1.429
      309  0.000   0.086   0   -1.378
      310  0.000   0.086   0   -1.330
      311  0.000   0.086   0   -1.264
      312  0.000   0.086   0   -1.199
      313  0.000   0.086   0   -1.135
      314  0.000   0.086   0   -1.087
      315  0.000   0.086   0   -1.029
      316  0.000   0.086   0   -0.983
      317  0.000   0.086   0   -0.946
      318  0.000   0.086   0   -0.914
      319  0.000   0.086   0   -0.878
      320  0.000   0.086   0   -0.835
      321  0.000   0.086   0   -0.786
      322  0.000   0.086   0   -0.738
      323  0.000   0.086   0   -0.699
      324  0.000   0.086   0   -0.634
      325  0.000   0.086   0   -0.556
      326  0.000   0.086   0   -0.490
      327  0.000   0.086   0   -0.438
      328  0.000   0.086   0   -0.400
      329  0.000   0.086   0   -0.386
      330  0.000   0.086   0   -0.369
      331  0.000   0.086   0   -0.352
      332  0.000   0.086   0   -0.318
      333  0.000   0.085   0   -0.270
      334  0.000   0.083   0   -0.211
      335  0.000   0.083   0   -0.156
      336  0.000   0.083   0   -0.095
      337  0.000   0.082   0   -0.059
      338  0.000   0.082   0   -0.006
      339  0.000   0.082   0    0.034
      340  0.000   0.082   0    0.070
      341  0.000   0.082   0    0.108
      342  0.000   0.082   0    0.157
      343  0.000   0.082   0    0.194
      344  0.000   0.081   0    0.214
      345  0.000   0.081   0    0.235
      346  0.000   0.081   0    0.266
      347  0.000   0.081   0    0.285
      348  0.002   0.083   0    0.297
      349  0.004   0.087   0    0.311
      350  0.000   0.087   0    0.305
      351  0.000   0.087   0    0.288
      352  0.000   0.087   0    0.277
      353  0.001   0.088   0    0.274
      354  0.002   0.089   0    0.282
      355  0.032   0.121   0    0.263
      356  0.092   0.213   0    0.241
      357  0.068   0.281   0    0.216
      358  0.109   0.390   0    0.194
      359  0.024   0.414   0    0.174
      360  0.111   0.525   0    0.153
      361  0.010   0.535   0    0.113
      362  0.004   0.540   0    0.054
      363  0.111   0.651   0   -0.014
      364  0.281   0.932   1   -0.075
      365  0.010   0.941   1   -0.104
      366  0.001   0.942   1   -0.120
      367  0.000   0.942   1   -0.125
      368  0.000   0.942   1   -0.131
      369  0.002   0.945   1   -0.135
      370  0.004   0.949   1   -0.165
      371  0.001   0.950   1   -0.198
      372  0.008   0.958   1   -0.217
      373  0.000   0.958   1   -0.236
      374  0.000   0.958   1   -0.249
      375  0.000   0.958   1   -0.269
      376  0.001   0.959   1   -0.290
      377  0.000   0.959   1   -0.317
      378  0.000   0.959   1   -0.340
      379  0.000   0.959   1   -0.359
      380  0.000   0.959   1   -0.387
      381  0.001   0.960   1   -0.410
      382  0.002   0.961   1   -0.439
      383  0.000   0.962   1   -0.462
      384  0.000   0.962   1   -0.463
      385  0.000   0.962   1   -0.464
      386  0.005   0.967   1   -0.462
      387  0.011   0.978   1   -0.479
      388  0.000   0.978   1   -0.510
      389  0.000   0.978   1   -0.545
      390  0.000   0.978   1   -0.586
      391  0.000   0.978   1   -0.628
      392  0.006   0.984   1   -0.653
      393  0.006   0.990   1   -0.662
      394  0.000   0.990   1   -0.659
      395  0.000   0.990   1   -0.647
      396  0.000   0.990   1   -0.655
      397  0.000   0.990   1   -0.673
      398  0.000   0.990   1   -0.677
      399  0.000   0.990   1   -0.661
      400  0.000   0.990   1   -0.642
      401  0.000   0.990   1   -0.608
      402  0.000   0.990   1   -0.563
      403  0.000   0.990   1   -0.516
      404  0.000   0.990   1   -0.458
      405  0.000   0.990   1   -0.409
      406  0.000   0.990   1   -0.340
      407  0.000   0.990   1   -0.284
      408  0.000   0.990   1   -0.236
      409  0.000   0.990   1   -0.182
      410  0.000   0.989   1   -0.115
      411  0.000   0.989   1   -0.064
      412  0.000   0.989   1   -0.028
      413  0.000   0.989   1   -0.000
      414  0.000   0.989   1    0.033
      415  0.000   0.989   1    0.091
      416  0.000   0.989   1    0.153
      417  0.000   0.989   1    0.225
      418  0.000   0.989   1    0.305
      419  0.000   0.989   1    0.373
      420  0.000   0.989   1    0.415
      421  0.000   0.989   1    0.442
      422  0.000   0.989   1    0.466
      423  0.000   0.989   1    0.479
      424  0.000   0.989   1    0.493
      425  0.000   0.989   1    0.517
      426  0.000   0.989   1    0.548
      427  0.000   0.984   1    0.580
      428  0.000   0.982   1    0.622
      429  0.000   0.982   1    0.654
      430  0.000   0.982   1    0.672
      431  0.000   0.982   1    0.709
      432  0.000   0.982   1    0.775
      433  0.000   0.982   1    0.850
      434  0.000   0.981   1    0.873
      435  0.000   0.960   1    0.897
      436  0.000   0.955   1    0.901
      437  0.000   0.951   1    0.922
      438  0.000   0.951   1    0.957
      439  0.000   0.949   1    0.992
      440  0.000   0.945   1    1.008
      441  0.000   0.944   1    1.011
      442  0.000   0.940   1    1.018
      443  0.000   0.910   1    1.043
      444  0.000   0.910   1    1.047
      445  0.000   0.910   1    1.063
      446  0.000   0.910   1    1.071
      447  0.000   0.910   1    1.073
      448  0.000   0.910   1    1.041
      449  0.000   0.910   1    1.005
      450  0.000   0.910   1    0.970
      451  0.000   0.910   1    0.950
      452  0.000   0.910   1    0.930
      453  0.000   0.910   1    0.889
      454  0.000   0.910   1    0.857
      455  0.000   0.910   1    0.826
      456  0.000   0.910   1    0.783
      457  0.000   0.910   1    0.742
      458  0.001   0.910   1    0.697
      459  0.000   0.910   1    0.654
      460  0.000   0.910   1    0.601
      461  0.000   0.910   1    0.530
      462  0.000   0.910   1    0.476
      463  0.000   0.910   1    0.433
      464  0.000   0.911   1    0.381
      465  0.001   0.911   1    0.330
      466  0.003   0.915   1    0.275
      467  0.001   0.915   1    0.220
      468  0.000   0.916   1    0.175
      469  0.000   0.916   1    0.147
      470  0.000   0.916   1    0.099
      471  0.000   0.916   1    0.059
      472  0.001   0.916   1    0.009
      473  0.004   0.920   1   -0.068
      474  0.000   0.920   1   -0.138
      475  0.001   0.921   1   -0.195
      476  0.000   0.921   1   -0.239
      477  0.000   0.921   1   -0.295
      478  0.000   0.921   1   -0.343
      479  0.000   0.921   1   -0.388
      480  0.000   0.921   1   -0.436
      481  0.000   0.921   1   -0.493
      482  0.000   0.921   1   -0.549
      483  0.000   0.921   1   -0.598
      484  0.000   0.921   1   -0.638
      485  0.000   0.921   1   -0.662
      486  0.000   0.921   1   -0.713
      487  0.000   0.921   1   -0.785
      488  0.000   0.921   1   -0.862
      489  0.000   0.921   1   -0.903
      490  0.000   0.921   1   -0.939
      491  0.000   0.921   1   -0.963
      492  0.000   0.921   1   -0.992
      493  0.000   0.921   1   -1.030
      494  0.000   0.920   1   -1.076
      495  0.000   0.919   1   -1.120
      496  0.000   0.915   1   -1.163
      497  0.000   0.915   1   -1.192
      498  0.000   0.915   1   -1.210
      499  0.000   0.914   1   -1.213
      500  0.000   0.914   1   -1.221
      501  0.000   0.912   1   -1.225
      502  0.000   0.880   1   -1.240
      503  0.000   0.788   1   -1.223
      504  0.000   0.720   1   -1.214
      505  0.000   0.611   1   -1.217
      506  0.000   0.587   1   -1.243
      507  0.000   0.477   1   -1.264
      508  0.000   0.467   1   -1.259
      509  0.000   0.462   1   -1.253
      510  0.000   0.351   1   -1.240
      511  0.000   0.070   0   -1.226
      512  0.000   0.060   0   -1.207
      513  0.000   0.060   0   -1.190
      514  0.000   0.060   0   -1.179
      515  0.001   0.060   0   -1.153
      516  0.003   0.061   0   -1.126
      517  0.001   0.058   0   -1.104
      518  0.000   0.056   0   -1.082
      519  0.000   0.049   0   -1.056
      520  0.000   0.048   0   -1.046
      521  0.000   0.048   0   -1.015
      522  0.000   0.048   0   -0.990
      523  0.000   0.047   0   -0.980
      524  0.000   0.047   0   -0.986
      525  0.000   0.047   0   -0.986
      526  0.000   0.047   0   -0.982
      527  0.000   0.047   0   -0.970
      528  0.000   0.046   0   -0.937
      529  0.000   0.045   0   -0.898
      530  0.000   0.045   0   -0.877
      531  0.000   0.045   0   -0.872
      532  0.000   0.044   0   -0.856
      533  0.000   0.040   0   -0.830
      534  0.000   0.028   0   -0.804
      535  0.000   0.028   0   -0.781
      536  0.000   0.028   0   -0.747
      537  0.000   0.028   0   -0.718
      538  0.000   0.028   0   -0.700
      539  0.000   0.022   0   -0.693
      540  0.000   0.016   0   -0.681
      541  0.000   0.016   0   -0.653
      542  0.000   0.016   0   -0.609
      543  0.000   0.016   0   -0.570
      544  0.000   0.016   0   -0.541
      545  0.000   0.016   0   -0.545
      546  0.000   0.016   0   -0.558
      547  0.000   0.016   0   -0.577
      548  0.000   0.016   0   -0.603
      549  0.000   0.016   0   -0.625
      550  0.000   0.016   0   -0.629
      551  0.000   0.016   0   -0.626
      552  0.000   0.016   0   -0.619
      553  0.000   0.016   0   -0.616
      554  0.000   0.016   0   -0.620
      555  0.000   0.016   0   -0.629
      556  0.000   0.016   0   -0.643
      557  0.000   0.016   0   -0.649
      558  0.000   0.016   0   -0.674
      559  0.000   0.016   0   -0.697
      560  0.000   0.017   0   -0.704
      561  0.000   0.017   0   -0.677
      562  0.000   0.017   0   -0.642
      563  0.000   0.017   0   -0.622
      564  0.000   0.017   0   -0.633
      565  0.000   0.017   0   -0.659
      566  0.000   0.017   0   -0.698
      567  0.001   0.018   0   -0.753
      568  0.001   0.018   0   -0.793
      569  0.000   0.018   0   -0.837
      570  0.000   0.018   0   -0.876
      571  0.000   0.018   0   -0.900
      572  0.000   0.018   0   -0.929
      573  0.000   0.018   0   -0.971
      574  0.000   0.018   0   -1.028
      575  0.000   0.018   0   -1.077
      576  0.000   0.018   0   -1.137
      577  0.000   0.018   0   -1.182
      578  0.000   0.018   0   -1.223
      579  0.000   0.018   0   -1.260
      580  0.000   0.018   0   -1.274
      581  0.000   0.019   0   -1.293
      582  0.000   0.019   0   -1.300
      583  0.000   0.019   0   -1.333
      584  0.000   0.019   0   -1.366
      585  0.000   0.019   0   -1.400
      586  0.000   0.019   0   -1.431
      587  0.000   0.019   0   -1.468
      588  0.000   0.019   0   -1.483
      589  0.000   0.019   0   -1.499
      590  0.000   0.019   0   -1.507
      591  0.000   0.019   0   -1.526
      592  0.000   0.019   0   -1.543
      593  0.000   0.019   0   -1.549
      594  0.000   0.019   0   -1.546
      595  0.000   0.019   0   -1.551
      596  0.000   0.019   0   -1.548
      597  0.000   0.019   0   -1.556
      598  0.000   0.019   0   -1.561
      599  0.000   0.019   0   -1.572
      600  0.000   0.019   0   -1.584
      601  0.000   0.019   0   -1.581
      602  0.000   0.019   0   -1.569
      603  0.000   0.019   0   -1.546
      604  0.000   0.018   0   -1.514
      605  0.000   0.018   0   -1.486
      606  0.000   0.018   0   -1.456
      607  0.000   0.018   0   -1.442
      608  0.000   0.018   0   -1.457
      609  0.000   0.018   0   -1.480
      610  0.000   0.018   0   -1.492
      611  0.000   0.017   0   -1.496
      612  0.000   0.017   0   -1.482
      613  0.000   0.014   0   -1.464
      614  0.000   0.013   0   -1.445
      615  0.000   0.013   0   -1.457
      616  0.000   0.013   0   -1.477
      617  0.000   0.013   0   -1.502
      618  0.000   0.013   0   -1.528
      619  0.000   0.012   0   -1.544
      620  0.000   0.008   0   -1.565
      621  0.000   0.008   0   -1.562
      622  0.000   0.008   0   -1.542
      623  0.000   0.008   0   -1.512
      624  0.000   0.008   0   -1.485
      625  0.000   0.008   0   -1.464
      626  0.000   0.008   0   -1.451
      627  0.000   0.008   0   -1.436
      628  0.000   0.008   0   -1.427
      629  0.000   0.008   0   -1.419
      630  0.000   0.008   0   -1.415
      631  0.000   0.008   0   -1.410
      632  0.000   0.008   0   -1.390
      633  0.000   0.008   0   -1.351
      634  0.000   0.008   0   -1.318
      635  0.000   0.008   0   -1.299
      636  0.000   0.008   0   -1.313
      637  0.000   0.008   0   -1.327
      638  0.000   0.008   0   -1.304
      639  0.000   0.008   0   -1.286
      640  0.000   0.008   0   -1.264
      641  0.000   0.008   0   -1.240
      642  0.000   0.008   0   -1.215
      643  0.000   0.008   0   -1.202
      644  0.000   0.008   0   -1.196
      645  0.000   0.008   0   -1.189
      646  0.000   0.008   0   -1.191
      647  0.000   0.008   0   -1.214
      648  0.000   0.008   0   -1.254
      649  0.000   0.008   0   -1.289
      650  0.000   0.008   0   -1.314
      651  0.000   0.008   0   -1.342
      652  0.000   0.008   0   -1.356
      653  0.000   0.008   0   -1.379
      654  0.000   0.008   0   -1.394
      655  0.000   0.007   0   -1.379
      656  0.000   0.007   0   -1.362
      657  0.000   0.007   0   -1.348
      658  0.000   0.007   0   -1.366
      659  0.000   0.007   0   -1.384
      660  0.000   0.007   0   -1.383
      661  0.000   0.007   0   -1.374
      662  0.000   0.007   0   -1.374
      663  0.000   0.004   0   -1.377
      664  0.000   0.003   0   -1.370
      665  0.000   0.003   0   -1.359
      666  0.000   0.003   0   -1.357
      667  0.000   0.003   0   -1.350
      668  0.002   0.005   0   -1.341
      669  0.003   0.008   0   -1.353
      670  0.023   0.031   0   -1.366
      671  0.001   0.032   0   -1.381
      672  0.000   0.032   0   -1.392
      673  0.000   0.032   0   -1.393
      674  0.000   0.032   0   -1.370
      675  0.000   0.032   0   -1.335
      676  0.000   0.032   0   -1.309
      677  0.000   0.032   0   -1.297
      678  0.004   0.035   0   -1.308
      679  0.006   0.041   0   -1.312
      680  0.002   0.043   0   -1.322
      681  0.009   0.051   0   -1.326
      682  0.001   0.052   0   -1.325
      683  0.031   0.083   0   -1.316
      684  0.006   0.089   0   -1.290
      685  0.001   0.091   0   -1.258
      686  0.000   0.091   0   -1.225
      687  0.000   0.091   0   -1.215
      688  0.000   0.091   0   -1.222
      689  0.000   0.091   0   -1.230
      690  0.001   0.091   0   -1.253
      691  0.024   0.116   0   -1.240
      692  0.001   0.117   0   -1.230
      693  0.000   0.117   0   -1.224
      694  0.000   0.117   0   -1.210
      695  0.000   0.117   0   -1.193
      696  0.000   0.117   0   -1.171
      697  0.000   0.117   0   -1.144
      698  0.000   0.117   0   -1.124
      699  0.000   0.117   0   -1.105
      700  0.000   0.117   0   -1.091
      701  0.000   0.117   0   -1.067
      702  0.000   0.117   0   -1.013
      703  0.000   0.117   0   -0.958
      704  0.000   0.117   0   -0.908
      705  0.000   0.116   0   -0.866
      706  0.000   0.116   0   -0.834
      707  0.000   0.116   0   -0.834
      708  0.000   0.116   0   -0.819
      709  0.002   0.118   0   -0.791
      710  0.000   0.119   0   -0.773
      711  0.002   0.120   0   -0.750
      712  0.000   0.120   0   -0.729
      713  0.004   0.124   0   -0.675
      714  0.001   0.124   0   -0.621
      715  0.001   0.125   0   -0.586
      716  0.000   0.125   0   -0.552
      717  0.000   0.125   0   -0.514
      718  0.000   0.125   0   -0.472
      719  0.000   0.125   0   -0.439
      720  0.000   0.125   0   -0.416
      721  0.000   0.126   0   -0.382
      722  0.000   0.126   0   -0.361
      723  0.000   0.126   0   -0.349
      724  0.000   0.126   0   -0.297
      725  0.000   0.126   0   -0.223
      726  0.000   0.126   0   -0.157
      727  0.000   0.126   0   -0.087
      728  0.003   0.129   0   -0.038
      729  0.007   0.136   0    0.006
      730  0.236   0.372   1    0.047
      731  0.187   0.560   1    0.076
      732  0.119   0.678   1    0.099
      733  0.130   0.808   1    0.119
      734  0.002   0.810   1    0.140
      735  0.001   0.811   1    0.179
      736  0.001   0.812   1    0.228
      737  0.004   0.816   1    0.274
      738  0.000   0.817   1    0.316
      739  0.003   0.820   1    0.352
      740  0.009   0.828   1    0.369
      741  0.024   0.852   1    0.386
      742  0.003   0.855   1    0.396
      743  0.004   0.859   1    0.416
      744  0.000   0.859   1    0.426
      745  0.000   0.859   1    0.450
      746  0.000   0.859   1    0.457
      747  0.005   0.864   1    0.490
      748  0.007   0.871   1    0.508
      749  0.004   0.875   1    0.515
      750  0.000   0.875   1    0.523
      751  0.000   0.875   1    0.525
      752  0.000   0.875   1    0.526
      753  0.001   0.876   1    0.520
      754  0.001   0.877   1    0.551
      755  0.000   0.877   1    0.591
      756  0.000   0.878   1    0.627
      757  0.000   0.878   1    0.651
      758  0.000   0.878   1    0.671
      759  0.000   0.878   1    0.705
      760  0.000   0.878   1    0.730
      761  0.055   0.932   1    0.757
      762  0.028   0.960   1    0.801
      763  0.016   0.976   1    0.837
      764  0.000   0.976   1    0.860
      765  0.000   0.977   1    0.877
      766  0.000   0.977   1    0.877
      767  0.000   0.977   1    0.887
      768  0.000   0.977   1    0.885
      769  0.000   0.976   1    0.877
      770  0.000   0.976   1    0.854
      771  0.000   0.976   1    0.818
      772  0.000   0.976   1    0.804
      773  0.000   0.977   1    0.805
      774  0.002   0.978   1    0.818
      775  0.001   0.979   1    0.845
      776  0.005   0.984   1    0.884
      777  0.000   0.984   1    0.915
      778  0.003   0.987   1    0.942
      779  0.000   0.987   1    0.946
      780  0.000   0.987   1    0.934
      781  0.000   0.987   1    0.923
      782  0.000   0.987   1    0.906
      783  0.000   0.987   1    0.913
      784  0.000   0.987   1    0.895
      785  0.000   0.987   1    0.890
      786  0.001   0.988   1    0.894
      787  0.001   0.990   1    0.918
      788  0.000   0.990   1    0.940
      789  0.000   0.990   1    0.961
      790  0.000   0.990   1    0.964
      791  0.000   0.990   1    0.955
      792  0.000   0.990   1    0.943
      793  0.000   0.990   1    0.948
      794  0.000   0.990   1    0.958
      795  0.003   0.993   1    0.982
      796  0.003   0.996   1    0.997
      797  0.000   0.996   1    1.022
      798  0.000   0.996   1    1.047
      799  0.000   0.997   1    1.094
      800  0.000   0.997   1    1.135
      801  0.000   0.997   1    1.174
      802  0.000   0.997   1    1.190
      803  0.000   0.997   1    1.203
      804  0.000   0.997   1    1.224
      805  0.000   0.997   1    1.245
      806  0.000   0.997   1    1.275
      807  0.000   0.997   1    1.321
      808  0.000   0.997   1    1.359
      809  0.000   0.997   1    1.368
      810  0.000   0.997   1    1.353
      811  0.000   0.997   1    1.347
      812  0.000   0.997   1    1.323
      813  0.000   0.997   1    1.297
      814  0.000   0.996   1    1.257
      815  0.000   0.995   1    1.230
      816  0.000   0.992   1    1.201
      817  0.000   0.969   1    1.179
      818  0.000   0.968   1    1.172
      819  0.000   0.968   1    1.175
      820  0.000   0.968   1    1.191
      821  0.000   0.968   1    1.203
      822  0.000   0.968   1    1.212
      823  0.000   0.968   1    1.214
      824  0.000   0.968   1    1.225
      825  0.000   0.964   1    1.216
      826  0.000   0.959   1    1.210
      827  0.000   0.957   1    1.204
      828  0.000   0.948   1    1.189
      829  0.000   0.948   1    1.184
      830  0.000   0.916   1    1.150
      831  0.000   0.911   1    1.123
      832  0.000   0.909   1    1.100
      833  0.000   0.909   1    1.084
      834  0.000   0.909   1    1.058
      835  0.000   0.909   1    1.048
      836  0.000   0.909   1    1.033
      837  0.000   0.908   1    1.019
      838  0.000   0.884   1    0.990
      839  0.000   0.883   1    0.974
      840  0.000   0.883   1    0.951
      841  0.000   0.883   1    0.943
      842  0.000   0.883   1    0.929
      843  0.000   0.883   1    0.918
      844  0.000   0.883   1    0.908
      845  0.000   0.883   1    0.911
      846  0.000   0.883   1    0.906
      847  0.000   0.883   1    0.896
      848  0.000   0.883   1    0.856
      849  0.000   0.883   1    0.801
      850  0.000   0.883   1    0.759
      851  0.000   0.883   1    0.712
      852  0.000   0.883   1    0.687
      853  0.000   0.883   1    0.672
      854  0.000   0.883   1    0.643
      855  0.000   0.883   1    0.615
      856  0.000   0.881   1    0.583
      857  0.000   0.880   1    0.549
      858  0.000   0.879   1    0.519
      859  0.000   0.879   1    0.496
      860  0.000   0.875   1    0.481
      861  0.000   0.874   1    0.462
      862  0.000   0.873   1    0.415
      863  0.000   0.872   1    0.372
      864  0.000   0.872   1    0.342
      865  0.000   0.872   1    0.332
      866  0.000   0.872   1    0.326
      867  0.000   0.872   1    0.315
      868  0.000   0.872   1    0.324
      869  0.000   0.871   1    0.326
      870  0.000   0.871   1    0.324
      871  0.000   0.871   1    0.327
      872  0.000   0.871   1    0.339
      873  0.000   0.871   1    0.333
      874  0.000   0.871   1    0.314
      875  0.000   0.868   1    0.283
      876  0.000   0.861   1    0.248
      877  0.000   0.625   0    0.211
      878  0.000   0.437   0    0.184
      879  0.000   0.318   0    0.136
      880  0.000   0.189   0    0.126
      881  0.000   0.186   0    0.117
      882  0.000   0.186   0    0.109
      883  0.000   0.185   0    0.103
      884  0.000   0.181   0    0.097
      885  0.000   0.180   0    0.104
      886  0.000   0.177   0    0.085
      887  0.000   0.169   0    0.064
      888  0.000   0.145   0    0.042
      889  0.000   0.142   0    0.035
      890  0.000   0.138   0    0.016
      891  0.000   0.138   0    0.005
      892  0.000   0.138   0   -0.001
      893  0.000   0.138   0    0.003
      894  0.000   0.133   0    0.016
      895  0.000   0.126   0    0.021
      896  0.000   0.122   0    0.010
      897  0.000   0.122   0    0.002
      898  0.000   0.122   0   -0.013
      899  0.000   0.122   0   -0.023
      900  0.000   0.121   0   -0.047
      901  0.000   0.120   0   -0.060
      902  0.000   0.120   0   -0.071
      903  0.000   0.120   0   -0.061
      904  0.000   0.120   0   -0.040
      905  0.000   0.120   0   -0.030
      906  0.000   0.120   0   -0.007
      907  0.000   0.120   0   -0.017
      908  0.000   0.065   0   -0.039
      909  0.000   0.037   0   -0.037
      910  0.000   0.021   0   -0.037
      911  0.000   0.021   0   -0.027
      912  0.000   0.021   0   -0.023
      913  0.000   0.021   0   -0.009
      914  0.000   0.021   0   -0.016
      915  0.000   0.021   0   -0.018
      916  0.000   0.021   0   -0.001
      917  0.000   0.021   0    0.030
      918  0.000   0.021   0    0.039
      919  0.004   0.025   0    0.038
      920  0.000   0.025   0    0.040
      921  0.000   0.023   0    0.033
      922  0.000   0.022   0    0.025
      923  0.000   0.018   0    0.015
      924  0.000   0.017   0    0.007
      925  0.000   0.015   0    0.006
      926  0.000   0.015   0    0.002
      927  0.000   0.015   0   -0.016
      928  0.000   0.015   0   -0.016
      929  0.001   0.016   0   -0.008
      930  0.000   0.016   0    0.007
      931  0.003   0.018   0    0.008
      932  0.000   0.018   0    0.002
      933  0.000   0.018   0    0.011
      934  0.000   0.016   0    0.047
      935  0.000   0.017   0    0.072
      936  0.000   0.016   0    0.103
      937  0.001   0.017   0    0.124
      938  0.000   0.017   0    0.143
      939  0.000   0.017   0    0.153
      940  0.000   0.017   0    0.157
      941  0.003   0.020   0    0.164
      942  0.002   0.018   0    0.161
      943  0.010   0.025   0    0.167
      944  0.000   0.025   0    0.156
      945  0.004   0.029   0    0.157
      946  0.000   0.029   0    0.172
      947  0.001   0.031   0    0.190
      948  0.010   0.040   0    0.166
      949  0.003   0.044   0    0.157
      950  0.000   0.044   0    0.157
      951  0.000   0.044   0    0.171
      952  0.000   0.044   0    0.178
      953  0.001   0.045   0    0.196
      954  0.003   0.047   0    0.212
      955  0.284   0.332   1    0.231
      956  0.224   0.556   1    0.248
      957  0.171   0.727   1    0.273
      958  0.021   0.747   1    0.301
      959  0.003   0.751   1    0.319
      960  0.018   0.768   1    0.338
      961  0.074   0.843   1    0.352
      962  0.008   0.850   1    0.385
      963  0.006   0.856   1    0.431
      964  0.023   0.879   1    0.460
      965  0.042   0.920   1    0.503
      966  0.080   1.000   1    0.528
      967  0.000   1.000   1    0.559
      968  0.000   1.000   1    0.573
      969  0.000   1.000   1    0.613
      970  0.000   1.000   1    0.629
      971  0.000   1.000   1    0.618
      972  0.000   1.000   1    0.595
      973  0.000   1.000   1    0.609
      974  0.000   1.000   1    0.630
      975  0.000   1.000   1    0.656
      976  0.000   1.000   1    0.679
      977  0.000   1.000   1    0.732
      978  0.000   1.000   1    0.766
      979  0.000   1.000   1    0.809
      980  0.000   1.000   1    0.840
      981  0.000   1.000   1    0.876
      982  0.000   1.000   1    0.905
      983  0.000   1.000   1    0.934
      984  0.000   1.000   1    0.938
      985  0.000   1.000   1    0.945
      986  0.000   1.000   1    0.981
      987  0.000   1.000   1    1.032
      988  0.000   1.000   1    1.068
      989  0.000   1.000   1    1.092
      990  0.000   1.000   1    1.108
      991  0.000   1.000   1    1.138
      992  0.000   1.000   1    1.149
      993  0.000   1.000   1    1.171
      994  0.000   1.000   1    1.197
      995  0.000   1.000   1    1.224
      996  0.000   1.000   1    1.246
      997  0.000   1.000   1    1.269
      998  0.000   1.000   1    1.288
      999  0.000   1.000   1    1.324
     1000  0.000   1.000   1    1.366
     1001  0.000   1.000   1    1.414
     1002  0.000   1.000   1    1.455
     1003  0.000   1.000   1    1.527
     1004  0.000   1.000   1    1.568
     1005  0.000   1.000   1    1.602
     1006  0.000   1.000   1    1.626
     1007  0.000   1.000   1    1.660
     1008  0.000   1.000   1    1.683
     1009  0.000   1.000   1    1.706
     1010  0.000   1.000   1    1.735
     1011  0.000   1.000   1    1.769
     1012  0.000   1.000   1    1.797
     1013  0.000   1.000   1    1.828
     1014  0.000   1.000   1    1.844
     1015  0.000   1.000   1    1.863
     1016  0.000   1.000   1    1.891
     1017  0.000   1.000   1    1.915
     1018  0.000   1.000   1    1.923
     1019  0.000   1.000   1    1.927
     1020  0.000   1.000   1    1.919
     1021  0.000   1.000   1    1.935
     1022  0.000   1.000   1    1.950
     1023  0.000   1.000   1    1.980
     1024  0.000   1.000   1    1.992
     1025  0.000   1.000   1    2.021
     1026  0.000   1.000   1    2.059
     1027  0.000   1.000   1    2.104
     1028  0.000   1.000   1    2.131
     1029  0.000   1.000   1    2.148
     1030  0.000   1.000   1    2.152
     1031  0.000   1.000   1    2.169
     1032  0.000   1.000   1    2.168
     1033  0.000   1.000   1    2.188
     1034  0.000   1.000   1    2.203
     1035  0.000   1.000   1    2.223
     1036  0.000   1.000   1    2.236
     1037  0.000   1.000   1    2.265
     1038  0.000   1.000   1    2.278
     1039  0.000   1.000   1    2.333
     1040  0.000   1.000   1    2.382
     1041  0.000   1.000   1    NA
     1042  0.000   1.000   1    NA
     1043  0.000   1.000   1    NA
     1044  0.000   1.000   1    NA
     1045  0.000   1.000   1    NA
     1046  0.000   1.000   1    NA
     1047  0.000   1.000   1    NA
     1048  0.000   1.000   1    NA
     1049  0.000   1.000   1    NA
     1050  0.000   1.000   1    NA
     1051  0.000   1.000   1    NA
     1052  0.000   0.999   1    NA
     1053  0.000   0.999   1    NA
     1054  0.000   0.999   1    NA
     1055  0.000   0.999   1    NA
     1056  0.000   0.999   1    NA
     1057  0.000   0.999   1    NA
     1058  0.000   0.999   1    NA
     1059  0.000   0.999   1    NA
     1060  0.000   0.999   1    NA
     1061  0.000   0.999   1    NA
     1062  0.000   0.999   1    NA
     1063  0.000   0.999   1    NA
     1064  0.000   0.999   1    NA
     1065  0.000   0.999   1    NA
     1066  0.000   0.995   1    NA
     1067  0.000   0.995   1    NA
     1068  0.000   0.995   1    NA
     1069  0.000   0.995   1    NA
     1070  0.000   0.995   1    NA
     1071  0.000   0.995   1    NA
     1072  0.000   0.995   1    NA
     1073  0.000   0.995   1    NA
     1074  0.000   0.995   1    NA
     1075  0.000   0.995   1    NA
     1076  0.000   0.994   1    NA
     1077  0.000   0.994   1    NA
     1078  0.000   0.991   1    NA
     1079  0.000   0.991   1    NA
     1080  0.000   0.991   1    NA
     1081  0.000   0.991   1    NA
     1082  0.000   0.990   1    NA
     1083  0.000   0.990   1    NA
     1084  0.000   0.990   1    NA
     1085  0.000   0.990   1    NA
     1086  0.000   0.990   1    NA
     1087  0.000   0.990   1    NA
     1088  0.000   0.987   1    NA
     1089  0.000   0.985   1    NA
     1090  0.000   0.975   1    NA
     1091  0.000   0.975   1    NA
     1092  0.000   0.971   1    NA
     1093  0.000   0.970   1    NA
     1094  0.000   0.969   1    NA
     1095  0.000   0.959   1    NA
     1096  0.000   0.956   1    NA
     1097  0.000   0.956   1    NA
     1098  0.000   0.956   1    NA
     1099  0.000   0.956   1    NA
     1100  0.000   0.955   1    NA
     1101  0.000   0.952   1    NA
     1102  0.000   0.668   0    NA
     1103  0.000   0.444   0    NA
     1104  0.000   0.273   0    NA
     1105  0.000   0.252   0    NA
     1106  0.000   0.249   0    NA
     1107  0.000   0.232   0    NA
     1108  0.000   0.157   0    NA
     1109  0.000   0.150   0    NA
     1110  0.000   0.144   0    NA
     1111  0.000   0.121   0    NA
     1112  0.000   0.080   0    NA
     1113  0.000   0.000   0    NA
