 Position  P-start Occup  N/L  Affinity
        1  0.000   0.000   0    NA
        2  0.000   0.000   0    NA
        3  0.000   0.001   0    NA
        4  0.000   0.001   0    NA
        5  0.000   0.001   0    NA
        6  0.000   0.001   0    NA
        7  0.001   0.003   0    NA
        8  0.001   0.003   0    NA
        9  0.000   0.004   0    NA
       10  0.000   0.004   0    NA
       11  0.000   0.004   0    NA
       12  0.000   0.004   0    NA
       13  0.001   0.005   0    NA
       14  0.000   0.005   0    NA
       15  0.001   0.006   0    NA
       16  0.000   0.006   0    NA
       17  0.000   0.006   0    NA
       18  0.000   0.006   0    NA
       19  0.002   0.008   0    NA
       20  0.003   0.011   0    NA
       21  0.002   0.014   0    NA
       22  0.001   0.015   0    NA
       23  0.000   0.015   0    NA
       24  0.001   0.016   0    NA
       25  0.001   0.017   0    NA
       26  0.000   0.017   0    NA
       27  0.000   0.017   0    NA
       28  0.000   0.017   0    NA
       29  0.000   0.017   0    NA
       30  0.000   0.017   0    NA
       31  0.000   0.017   0    NA
       32  0.001   0.019   0    NA
       33  0.007   0.025   0    NA
       34  0.002   0.027   0    NA
       35  0.000   0.028   0    NA
       36  0.000   0.028   0    NA
       37  0.000   0.028   0    NA
       38  0.276   0.304   0    NA
       39  0.087   0.391   0    NA
       40  0.014   0.405   0    NA
       41  0.002   0.406   0    NA
       42  0.043   0.449   0    NA
       43  0.043   0.492   0    NA
       44  0.001   0.493   0    NA
       45  0.000   0.493   0    NA
       46  0.000   0.493   0    NA
       47  0.001   0.494   0    NA
       48  0.000   0.494   0    NA
       49  0.000   0.494   0    NA
       50  0.000   0.495   0    NA
       51  0.029   0.524   0    NA
       52  0.000   0.524   0    NA
       53  0.000   0.524   0    NA
       54  0.001   0.525   0    NA
       55  0.002   0.527   0    NA
       56  0.026   0.554   0    NA
       57  0.009   0.563   0    NA
       58  0.000   0.563   0    NA
       59  0.000   0.563   0    NA
       60  0.000   0.563   0    NA
       61  0.000   0.563   0    NA
       62  0.000   0.563   0    NA
       63  0.000   0.563   0    NA
       64  0.000   0.563   0    NA
       65  0.000   0.563   0    NA
       66  0.000   0.564   0    NA
       67  0.000   0.564   0    NA
       68  0.000   0.564   0    NA
       69  0.000   0.565   0    NA
       70  0.002   0.567   0    NA
       71  0.000   0.567   0    NA
       72  0.000   0.568   0    NA
       73  0.000   0.568   0    NA
       74  0.000   0.568   0    1.224
       75  0.000   0.568   0    1.208
       76  0.000   0.568   0    1.203
       77  0.001   0.569   0    1.172
       78  0.000   0.570   0    1.192
       79  0.000   0.570   0    1.215
       80  0.000   0.570   0    1.232
       81  0.000   0.571   0    1.224
       82  0.004   0.574   0    1.203
       83  0.000   0.575   0    1.203
       84  0.030   0.605   0    1.238
       85  0.004   0.609   0    1.266
       86  0.000   0.609   0    1.290
       87  0.000   0.609   0    1.300
       88  0.000   0.609   0    1.328
       89  0.002   0.612   0    1.354
       90  0.277   0.889   1    1.361
       91  0.080   0.970   1    1.363
       92  0.027   0.997   1    1.363
       93  0.001   0.998   1    1.369
       94  0.000   0.998   1    1.365
       95  0.000   0.998   1    1.363
       96  0.000   0.998   1    1.368
       97  0.000   0.998   1    1.383
       98  0.000   0.998   1    1.381
       99  0.000   0.998   1    1.370
      100  0.000   0.998   1    1.375
      101  0.000   0.998   1    1.385
      102  0.000   0.998   1    1.409
      103  0.000   0.999   1    1.425
      104  0.000   0.999   1    1.430
      105  0.000   0.999   1    1.428
      106  0.000   0.999   1    1.425
      107  0.000   0.999   1    1.406
      108  0.000   0.999   1    1.396
      109  0.000   0.999   1    1.391
      110  0.000   0.999   1    1.397
      111  0.000   0.999   1    1.414
      112  0.000   0.999   1    1.432
      113  0.000   0.999   1    1.433
      114  0.000   0.999   1    1.424
      115  0.000   0.999   1    1.427
      116  0.000   0.999   1    1.431
      117  0.000   0.999   1    1.443
      118  0.000   0.999   1    1.445
      119  0.000   0.999   1    1.433
      120  0.000   0.999   1    1.412
      121  0.000   0.999   1    1.405
      122  0.000   0.999   1    1.401
      123  0.000   0.999   1    1.403
      124  0.000   0.999   1    1.404
      125  0.000   0.999   1    1.397
      126  0.000   0.999   1    1.392
      127  0.000   0.999   1    1.401
      128  0.000   0.999   1    1.423
      129  0.000   0.999   1    1.437
      130  0.000   0.999   1    1.464
      131  0.000   0.999   1    1.478
      132  0.000   0.999   1    1.502
      133  0.000   0.999   1    1.491
      134  0.000   0.999   1    1.481
      135  0.000   0.999   1    1.484
      136  0.000   0.999   1    1.516
      137  0.000   0.999   1    1.552
      138  0.000   0.999   1    1.568
      139  0.000   0.999   1    1.550
      140  0.000   0.999   1    1.525
      141  0.000   0.999   1    1.492
      142  0.000   0.999   1    1.468
      143  0.000   0.999   1    1.430
      144  0.000   0.999   1    1.400
      145  0.000   0.999   1    1.386
      146  0.000   0.999   1    1.373
      147  0.000   0.999   1    1.357
      148  0.000   0.999   1    1.342
      149  0.000   0.999   1    1.333
      150  0.000   0.998   1    1.327
      151  0.000   0.998   1    1.312
      152  0.000   0.998   1    1.295
      153  0.000   0.997   1    1.291
      154  0.000   0.996   1    1.299
      155  0.000   0.995   1    1.293
      156  0.000   0.995   1    1.274
      157  0.000   0.995   1    1.243
      158  0.000   0.995   1    1.207
      159  0.000   0.995   1    1.180
      160  0.000   0.994   1    1.170
      161  0.000   0.994   1    1.157
      162  0.000   0.993   1    1.155
      163  0.000   0.993   1    1.153
      164  0.000   0.993   1    1.147
      165  0.000   0.993   1    1.130
      166  0.000   0.991   1    1.108
      167  0.000   0.988   1    1.077
      168  0.000   0.986   1    1.065
      169  0.000   0.984   1    1.042
      170  0.000   0.984   1    1.016
      171  0.000   0.983   1    0.968
      172  0.000   0.982   1    0.933
      173  0.000   0.982   1    0.906
      174  0.000   0.982   1    0.894
      175  0.000   0.982   1    0.887
      176  0.000   0.982   1    0.862
      177  0.000   0.982   1    0.827
      178  0.000   0.982   1    0.782
      179  0.000   0.981   1    0.746
      180  0.000   0.974   1    0.722
      181  0.000   0.972   1    0.694
      182  0.000   0.972   1    0.664
      183  0.000   0.972   1    0.629
      184  0.000   0.972   1    0.605
      185  0.000   0.695   1    0.560
      186  0.001   0.609   1    0.517
      187  0.002   0.598   1    0.495
      188  0.000   0.596   1    0.475
      189  0.000   0.554   1    0.449
      190  0.000   0.511   1    0.393
      191  0.000   0.510   1    0.338
      192  0.000   0.510   1    0.287
      193  0.000   0.510   1    0.244
      194  0.000   0.509   1    0.211
      195  0.000   0.509   1    0.188
      196  0.000   0.509   1    0.185
      197  0.001   0.509   1    0.186
      198  0.001   0.481   1    0.179
      199  0.000   0.481   1    0.150
      200  0.000   0.481   1    0.120
      201  0.000   0.480   1    0.089
      202  0.000   0.477   1    0.077
      203  0.000   0.451   1    0.058
      204  0.000   0.442   1    0.035
      205  0.000   0.442   1    0.012
      206  0.000   0.441   1   -0.002
      207  0.000   0.441   1   -0.028
      208  0.000   0.441   1   -0.046
      209  0.000   0.441   1   -0.074
      210  0.000   0.441   1   -0.097
      211  0.000   0.441   1   -0.101
      212  0.000   0.441   1   -0.107
      213  0.000   0.441   1   -0.107
      214  0.000   0.440   1   -0.102
      215  0.000   0.440   1   -0.102
      216  0.000   0.440   1   -0.097
      217  0.000   0.438   1   -0.121
      218  0.000   0.437   1   -0.166
      219  0.000   0.437   1   -0.205
      220  0.000   0.437   1   -0.225
      221  0.000   0.437   1   -0.228
      222  0.000   0.437   1   -0.231
      223  0.000   0.436   1   -0.234
      224  0.000   0.435   1   -0.248
      225  0.000   0.435   1   -0.256
      226  0.000   0.435   1   -0.266
      227  0.000   0.434   1   -0.279
      228  0.000   0.434   1   -0.291
      229  0.000   0.430   1   -0.301
      230  0.000   0.430   1   -0.316
      231  0.000   0.400   1   -0.322
      232  0.000   0.396   1   -0.308
      233  0.000   0.395   1   -0.284
      234  0.000   0.395   1   -0.276
      235  0.000   0.395   1   -0.274
      236  0.000   0.393   1   -0.275
      237  0.000   0.115   0   -0.283
      238  0.000   0.035   0   -0.294
      239  0.000   0.007   0   -0.310
      240  0.000   0.006   0   -0.318
      241  0.000   0.006   0   -0.307
      242  0.000   0.006   0   -0.312
      243  0.000   0.006   0   -0.314
      244  0.000   0.006   0   -0.316
      245  0.000   0.006   0   -0.308
      246  0.000   0.006   0   -0.322
      247  0.000   0.006   0   -0.349
      248  0.000   0.006   0   -0.374
      249  0.000   0.006   0   -0.387
      250  0.000   0.006   0   -0.403
      251  0.000   0.006   0   -0.431
      252  0.000   0.006   0   -0.474
      253  0.000   0.006   0   -0.503
      254  0.000   0.006   0   -0.522
      255  0.000   0.006   0   -0.546
      256  0.000   0.006   0   -0.588
      257  0.000   0.006   0   -0.643
      258  0.000   0.006   0   -0.694
      259  0.000   0.006   0   -0.730
      260  0.000   0.006   0   -0.765
      261  0.000   0.006   0   -0.799
      262  0.000   0.006   0   -0.823
      263  0.000   0.006   0   -0.851
      264  0.000   0.006   0   -0.880
      265  0.000   0.006   0   -0.918
      266  0.000   0.006   0   -0.974
      267  0.000   0.006   0   -1.031
      268  0.000   0.006   0   -1.086
      269  0.000   0.006   0   -1.153
      270  0.000   0.007   0   -1.220
      271  0.000   0.007   0   -1.259
      272  0.000   0.007   0   -1.269
      273  0.000   0.007   0   -1.257
      274  0.000   0.007   0   -1.251
      275  0.000   0.007   0   -1.252
      276  0.000   0.007   0   -1.262
      277  0.000   0.007   0   -1.276
      278  0.000   0.007   0   -1.311
      279  0.000   0.007   0   -1.321
      280  0.003   0.010   0   -1.336
      281  0.001   0.011   0   -1.341
      282  0.000   0.011   0   -1.334
      283  0.000   0.011   0   -1.343
      284  0.000   0.011   0   -1.340
      285  0.000   0.011   0   -1.336
      286  0.000   0.011   0   -1.337
      287  0.000   0.011   0   -1.363
      288  0.011   0.022   0   -1.388
      289  0.003   0.025   0   -1.394
      290  0.003   0.029   0   -1.403
      291  0.001   0.029   0   -1.425
      292  0.003   0.032   0   -1.436
      293  0.004   0.036   0   -1.444
      294  0.000   0.036   0   -1.459
      295  0.001   0.037   0   -1.458
      296  0.019   0.055   0   -1.469
      297  0.001   0.056   0   -1.479
      298  0.000   0.056   0   -1.495
      299  0.000   0.056   0   -1.511
      300  0.000   0.056   0   -1.504
      301  0.000   0.056   0   -1.480
      302  0.000   0.056   0   -1.433
      303  0.000   0.056   0   -1.387
      304  0.000   0.056   0   -1.362
      305  0.000   0.056   0   -1.346
      306  0.000   0.056   0   -1.315
      307  0.000   0.056   0   -1.268
      308  0.000   0.056   0   -1.219
      309  0.000   0.056   0   -1.170
      310  0.000   0.056   0   -1.125
      311  0.000   0.056   0   -1.062
      312  0.000   0.056   0   -1.000
      313  0.000   0.056   0   -0.938
      314  0.000   0.056   0   -0.892
      315  0.000   0.056   0   -0.836
      316  0.000   0.056   0   -0.792
      317  0.000   0.056   0   -0.757
      318  0.000   0.056   0   -0.726
      319  0.000   0.056   0   -0.692
      320  0.000   0.056   0   -0.651
      321  0.000   0.056   0   -0.604
      322  0.000   0.056   0   -0.558
      323  0.000   0.056   0   -0.521
      324  0.000   0.056   0   -0.458
      325  0.000   0.056   0   -0.384
      326  0.000   0.056   0   -0.321
      327  0.000   0.056   0   -0.271
      328  0.000   0.056   0   -0.235
      329  0.000   0.056   0   -0.221
      330  0.000   0.056   0   -0.205
      331  0.000   0.056   0   -0.189
      332  0.000   0.056   0   -0.156
      333  0.000   0.055   0   -0.110
      334  0.000   0.053   0   -0.054
      335  0.000   0.053   0   -0.001
      336  0.000   0.052   0    0.057
      337  0.000   0.052   0    0.097
      338  0.000   0.052   0    0.150
      339  0.000   0.052   0    0.190
      340  0.000   0.052   0    0.219
      341  0.000   0.052   0    0.251
      342  0.000   0.052   0    0.298
      343  0.000   0.052   0    0.337
      344  0.000   0.051   0    0.358
      345  0.000   0.051   0    0.379
      346  0.000   0.051   0    0.410
      347  0.000   0.051   0    0.429
      348  0.002   0.052   0    0.442
      349  0.003   0.056   0    0.454
      350  0.000   0.056   0    0.451
      351  0.000   0.056   0    0.437
      352  0.000   0.056   0    0.430
      353  0.001   0.057   0    0.430
      354  0.002   0.059   0    0.438
      355  0.034   0.093   0    0.419
      356  0.093   0.187   0    0.398
      357  0.078   0.264   0    0.374
      358  0.140   0.404   0    0.356
      359  0.022   0.426   0    0.338
      360  0.172   0.598   0    0.319
      361  0.014   0.612   0    0.280
      362  0.005   0.617   0    0.224
      363  0.086   0.703   0    0.160
      364  0.247   0.951   1    0.100
      365  0.007   0.958   1    0.070
      366  0.000   0.958   1    0.055
      367  0.000   0.958   1    0.051
      368  0.000   0.958   1    0.047
      369  0.002   0.961   1    0.046
      370  0.003   0.964   1    0.020
      371  0.001   0.965   1   -0.011
      372  0.004   0.969   1   -0.027
      373  0.000   0.969   1   -0.043
      374  0.000   0.969   1   -0.054
      375  0.000   0.969   1   -0.074
      376  0.000   0.970   1   -0.095
      377  0.000   0.970   1   -0.120
      378  0.000   0.970   1   -0.139
      379  0.000   0.970   1   -0.156
      380  0.000   0.970   1   -0.181
      381  0.001   0.970   1   -0.204
      382  0.002   0.973   1   -0.232
      383  0.001   0.973   1   -0.254
      384  0.000   0.973   1   -0.255
      385  0.000   0.974   1   -0.256
      386  0.005   0.979   1   -0.254
      387  0.011   0.990   1   -0.270
      388  0.000   0.990   1   -0.300
      389  0.000   0.990   1   -0.333
      390  0.000   0.990   1   -0.373
      391  0.000   0.990   1   -0.410
      392  0.003   0.993   1   -0.439
      393  0.003   0.996   1   -0.449
      394  0.000   0.996   1   -0.446
      395  0.000   0.996   1   -0.428
      396  0.000   0.996   1   -0.431
      397  0.000   0.996   1   -0.451
      398  0.000   0.996   1   -0.456
      399  0.000   0.996   1   -0.440
      400  0.000   0.996   1   -0.419
      401  0.000   0.996   1   -0.386
      402  0.000   0.996   1   -0.343
      403  0.000   0.996   1   -0.296
      404  0.000   0.996   1   -0.238
      405  0.000   0.996   1   -0.190
      406  0.000   0.996   1   -0.125
      407  0.000   0.996   1   -0.072
      408  0.000   0.996   1   -0.026
      409  0.000   0.995   1    0.025
      410  0.000   0.995   1    0.091
      411  0.000   0.995   1    0.141
      412  0.000   0.995   1    0.176
      413  0.000   0.995   1    0.200
      414  0.000   0.995   1    0.232
      415  0.000   0.995   1    0.289
      416  0.000   0.995   1    0.350
      417  0.000   0.995   1    0.417
      418  0.000   0.995   1    0.494
      419  0.000   0.995   1    0.561
      420  0.000   0.995   1    0.605
      421  0.000   0.995   1    0.633
      422  0.000   0.995   1    0.656
      423  0.000   0.995   1    0.665
      424  0.000   0.995   1    0.675
      425  0.000   0.995   1    0.693
      426  0.000   0.995   1    0.720
      427  0.000   0.992   1    0.748
      428  0.000   0.991   1    0.790
      429  0.000   0.991   1    0.823
      430  0.000   0.991   1    0.847
      431  0.000   0.991   1    0.888
      432  0.000   0.991   1    0.952
      433  0.000   0.991   1    1.022
      434  0.000   0.990   1    1.043
      435  0.000   0.980   1    1.068
      436  0.000   0.977   1    1.073
      437  0.000   0.973   1    1.094
      438  0.000   0.972   1    1.126
      439  0.000   0.969   1    1.159
      440  0.000   0.965   1    1.174
      441  0.000   0.965   1    1.177
      442  0.000   0.965   1    1.183
      443  0.000   0.946   1    1.206
      444  0.000   0.945   1    1.211
      445  0.000   0.945   1    1.227
      446  0.000   0.945   1    1.232
      447  0.000   0.945   1    1.231
      448  0.000   0.945   1    1.195
      449  0.000   0.945   1    1.154
      450  0.000   0.945   1    1.114
      451  0.000   0.945   1    1.091
      452  0.000   0.945   1    1.074
      453  0.000   0.945   1    1.033
      454  0.000   0.945   1    0.998
      455  0.000   0.945   1    0.963
      456  0.000   0.945   1    0.921
      457  0.000   0.945   1    0.881
      458  0.000   0.946   1    0.835
      459  0.000   0.946   1    0.789
      460  0.000   0.946   1    0.734
      461  0.000   0.946   1    0.663
      462  0.000   0.946   1    0.609
      463  0.000   0.946   1    0.566
      464  0.000   0.946   1    0.514
      465  0.000   0.946   1    0.462
      466  0.000   0.946   1    0.409
      467  0.000   0.946   1    0.355
      468  0.000   0.946   1    0.310
      469  0.000   0.947   1    0.277
      470  0.000   0.947   1    0.228
      471  0.000   0.947   1    0.188
      472  0.000   0.947   1    0.141
      473  0.001   0.948   1    0.071
      474  0.000   0.948   1    0.006
      475  0.000   0.948   1   -0.051
      476  0.000   0.948   1   -0.095
      477  0.000   0.948   1   -0.149
      478  0.000   0.948   1   -0.194
      479  0.000   0.948   1   -0.236
      480  0.000   0.948   1   -0.279
      481  0.000   0.948   1   -0.328
      482  0.000   0.948   1   -0.379
      483  0.000   0.948   1   -0.430
      484  0.000   0.948   1   -0.473
      485  0.000   0.948   1   -0.501
      486  0.000   0.948   1   -0.554
      487  0.000   0.948   1   -0.624
      488  0.000   0.948   1   -0.700
      489  0.000   0.948   1   -0.740
      490  0.000   0.948   1   -0.776
      491  0.000   0.948   1   -0.801
      492  0.000   0.948   1   -0.829
      493  0.000   0.948   1   -0.865
      494  0.000   0.948   1   -0.908
      495  0.000   0.946   1   -0.950
      496  0.000   0.943   1   -0.990
      497  0.000   0.943   1   -1.018
      498  0.000   0.943   1   -1.033
      499  0.000   0.943   1   -1.037
      500  0.000   0.942   1   -1.045
      501  0.000   0.939   1   -1.050
      502  0.000   0.905   1   -1.062
      503  0.000   0.812   1   -1.042
      504  0.000   0.735   1   -1.027
      505  0.000   0.595   1   -1.025
      506  0.000   0.573   1   -1.047
      507  0.000   0.401   1   -1.067
      508  0.000   0.386   1   -1.062
      509  0.000   0.382   1   -1.054
      510  0.000   0.296   1   -1.040
      511  0.000   0.048   0   -1.027
      512  0.000   0.041   0   -1.013
      513  0.000   0.041   0   -1.003
      514  0.000   0.041   0   -0.994
      515  0.000   0.041   0   -0.969
      516  0.000   0.039   0   -0.944
      517  0.000   0.036   0   -0.926
      518  0.000   0.035   0   -0.906
      519  0.000   0.031   0   -0.882
      520  0.000   0.030   0   -0.874
      521  0.000   0.030   0   -0.849
      522  0.000   0.030   0   -0.829
      523  0.000   0.030   0   -0.821
      524  0.000   0.030   0   -0.828
      525  0.000   0.030   0   -0.827
      526  0.000   0.030   0   -0.828
      527  0.000   0.030   0   -0.823
      528  0.000   0.029   0   -0.800
      529  0.000   0.027   0   -0.771
      530  0.000   0.026   0   -0.755
      531  0.000   0.026   0   -0.754
      532  0.000   0.026   0   -0.742
      533  0.000   0.021   0   -0.721
      534  0.000   0.010   0   -0.699
      535  0.000   0.010   0   -0.681
      536  0.000   0.010   0   -0.655
      537  0.000   0.010   0   -0.635
      538  0.000   0.010   0   -0.627
      539  0.000   0.007   0   -0.627
      540  0.000   0.004   0   -0.622
      541  0.000   0.004   0   -0.602
      542  0.000   0.004   0   -0.567
      543  0.000   0.004   0   -0.537
      544  0.000   0.004   0   -0.516
      545  0.000   0.004   0   -0.525
      546  0.000   0.004   0   -0.539
      547  0.000   0.004   0   -0.561
      548  0.000   0.004   0   -0.591
      549  0.000   0.004   0   -0.617
      550  0.000   0.004   0   -0.625
      551  0.000   0.004   0   -0.626
      552  0.000   0.004   0   -0.623
      553  0.000   0.004   0   -0.625
      554  0.000   0.004   0   -0.635
      555  0.000   0.004   0   -0.649
      556  0.000   0.004   0   -0.668
      557  0.000   0.004   0   -0.681
      558  0.000   0.004   0   -0.709
      559  0.000   0.004   0   -0.735
      560  0.000   0.004   0   -0.745
      561  0.000   0.004   0   -0.726
      562  0.000   0.004   0   -0.700
      563  0.000   0.004   0   -0.689
      564  0.000   0.004   0   -0.708
      565  0.000   0.004   0   -0.740
      566  0.000   0.004   0   -0.784
      567  0.000   0.004   0   -0.837
      568  0.000   0.004   0   -0.872
      569  0.000   0.004   0   -0.913
      570  0.000   0.004   0   -0.953
      571  0.000   0.004   0   -0.981
      572  0.000   0.004   0   -1.009
      573  0.000   0.004   0   -1.051
      574  0.000   0.004   0   -1.104
      575  0.000   0.004   0   -1.148
      576  0.000   0.004   0   -1.201
      577  0.000   0.004   0   -1.240
      578  0.000   0.004   0   -1.280
      579  0.000   0.004   0   -1.314
      580  0.000   0.004   0   -1.328
      581  0.000   0.004   0   -1.350
      582  0.000   0.004   0   -1.359
      583  0.000   0.004   0   -1.386
      584  0.000   0.004   0   -1.418
      585  0.000   0.004   0   -1.453
      586  0.000   0.004   0   -1.487
      587  0.000   0.004   0   -1.525
      588  0.000   0.004   0   -1.541
      589  0.000   0.004   0   -1.557
      590  0.000   0.004   0   -1.569
      591  0.000   0.004   0   -1.590
      592  0.000   0.004   0   -1.607
      593  0.000   0.004   0   -1.609
      594  0.000   0.004   0   -1.606
      595  0.000   0.004   0   -1.611
      596  0.000   0.004   0   -1.606
      597  0.000   0.004   0   -1.612
      598  0.000   0.004   0   -1.611
      599  0.000   0.004   0   -1.619
      600  0.000   0.004   0   -1.630
      601  0.000   0.004   0   -1.631
      602  0.000   0.004   0   -1.622
      603  0.000   0.004   0   -1.597
      604  0.000   0.004   0   -1.566
      605  0.000   0.004   0   -1.538
      606  0.000   0.004   0   -1.508
      607  0.000   0.004   0   -1.497
      608  0.000   0.004   0   -1.515
      609  0.000   0.004   0   -1.545
      610  0.000   0.004   0   -1.565
      611  0.000   0.003   0   -1.567
      612  0.000   0.003   0   -1.557
      613  0.000   0.003   0   -1.550
      614  0.000   0.003   0   -1.547
      615  0.000   0.003   0   -1.564
      616  0.000   0.003   0   -1.581
      617  0.000   0.003   0   -1.597
      618  0.000   0.003   0   -1.615
      619  0.000   0.002   0   -1.624
      620  0.000   0.001   0   -1.640
      621  0.000   0.001   0   -1.637
      622  0.000   0.001   0   -1.624
      623  0.000   0.001   0   -1.599
      624  0.000   0.001   0   -1.577
      625  0.000   0.001   0   -1.555
      626  0.000   0.001   0   -1.543
      627  0.000   0.001   0   -1.532
      628  0.000   0.001   0   -1.529
      629  0.000   0.001   0   -1.524
      630  0.000   0.001   0   -1.522
      631  0.000   0.001   0   -1.527
      632  0.000   0.001   0   -1.518
      633  0.000   0.001   0   -1.498
      634  0.000   0.001   0   -1.477
      635  0.000   0.001   0   -1.469
      636  0.000   0.001   0   -1.475
      637  0.000   0.001   0   -1.486
      638  0.000   0.001   0   -1.472
      639  0.000   0.001   0   -1.461
      640  0.000   0.001   0   -1.444
      641  0.000   0.001   0   -1.422
      642  0.000   0.001   0   -1.401
      643  0.000   0.001   0   -1.393
      644  0.000   0.001   0   -1.391
      645  0.000   0.001   0   -1.383
      646  0.000   0.001   0   -1.380
      647  0.000   0.001   0   -1.403
      648  0.000   0.001   0   -1.441
      649  0.000   0.001   0   -1.472
      650  0.000   0.001   0   -1.490
      651  0.000   0.001   0   -1.512
      652  0.000   0.001   0   -1.525
      653  0.000   0.001   0   -1.550
      654  0.000   0.001   0   -1.573
      655  0.000   0.001   0   -1.564
      656  0.000   0.001   0   -1.556
      657  0.000   0.001   0   -1.542
      658  0.000   0.001   0   -1.560
      659  0.000   0.001   0   -1.576
      660  0.000   0.001   0   -1.579
      661  0.000   0.001   0   -1.574
      662  0.000   0.001   0   -1.577
      663  0.000   0.001   0   -1.579
      664  0.000   0.000   0   -1.566
      665  0.000   0.000   0   -1.549
      666  0.000   0.000   0   -1.546
      667  0.000   0.001   0   -1.545
      668  0.000   0.001   0   -1.530
      669  0.002   0.003   0   -1.528
      670  0.028   0.032   0   -1.539
      671  0.001   0.033   0   -1.559
      672  0.000   0.033   0   -1.574
      673  0.000   0.033   0   -1.579
      674  0.000   0.033   0   -1.564
      675  0.000   0.033   0   -1.538
      676  0.000   0.033   0   -1.518
      677  0.000   0.033   0   -1.507
      678  0.000   0.033   0   -1.518
      679  0.001   0.034   0   -1.526
      680  0.011   0.045   0   -1.544
      681  0.006   0.051   0   -1.553
      682  0.000   0.051   0   -1.557
      683  0.003   0.054   0   -1.544
      684  0.001   0.055   0   -1.519
      685  0.000   0.055   0   -1.489
      686  0.000   0.056   0   -1.458
      687  0.000   0.056   0   -1.458
      688  0.000   0.056   0   -1.454
      689  0.000   0.056   0   -1.455
      690  0.001   0.056   0   -1.468
      691  0.020   0.076   0   -1.463
      692  0.001   0.078   0   -1.463
      693  0.000   0.078   0   -1.464
      694  0.000   0.078   0   -1.451
      695  0.000   0.078   0   -1.433
      696  0.000   0.078   0   -1.414
      697  0.000   0.078   0   -1.392
      698  0.000   0.078   0   -1.375
      699  0.000   0.078   0   -1.359
      700  0.000   0.078   0   -1.346
      701  0.000   0.078   0   -1.318
      702  0.000   0.078   0   -1.269
      703  0.000   0.078   0   -1.225
      704  0.000   0.078   0   -1.193
      705  0.000   0.078   0   -1.159
      706  0.000   0.078   0   -1.132
      707  0.000   0.078   0   -1.124
      708  0.000   0.078   0   -1.107
      709  0.000   0.078   0   -1.074
      710  0.000   0.078   0   -1.059
      711  0.002   0.080   0   -1.035
      712  0.000   0.080   0   -1.023
      713  0.003   0.083   0   -0.976
      714  0.000   0.083   0   -0.930
      715  0.000   0.083   0   -0.896
      716  0.000   0.083   0   -0.859
      717  0.001   0.084   0   -0.818
      718  0.000   0.084   0   -0.779
      719  0.000   0.084   0   -0.755
      720  0.000   0.084   0   -0.741
      721  0.001   0.085   0   -0.719
      722  0.001   0.086   0   -0.696
      723  0.000   0.086   0   -0.690
      724  0.000   0.086   0   -0.647
      725  0.000   0.086   0   -0.580
      726  0.000   0.086   0   -0.507
      727  0.000   0.086   0   -0.446
      728  0.001   0.087   0   -0.404
      729  0.002   0.089   0   -0.367
      730  0.135   0.224   0   -0.330
      731  0.175   0.398   1   -0.299
      732  0.083   0.481   1   -0.271
      733  0.103   0.584   1   -0.245
      734  0.002   0.586   1   -0.217
      735  0.001   0.587   1   -0.173
      736  0.000   0.588   1   -0.120
      737  0.013   0.601   1   -0.069
      738  0.002   0.603   1   -0.028
      739  0.060   0.663   1    0.006
      740  0.086   0.748   1    0.020
      741  0.102   0.851   1    0.038
      742  0.017   0.867   1    0.061
      743  0.004   0.871   1    0.082
      744  0.000   0.872   1    0.094
      745  0.000   0.872   1    0.114
      746  0.000   0.872   1    0.126
      747  0.002   0.873   1    0.162
      748  0.002   0.876   1    0.185
      749  0.002   0.878   1    0.196
      750  0.000   0.878   1    0.204
      751  0.000   0.878   1    0.211
      752  0.000   0.878   1    0.220
      753  0.000   0.878   1    0.221
      754  0.000   0.879   1    0.247
      755  0.000   0.879   1    0.276
      756  0.000   0.879   1    0.303
      757  0.000   0.879   1    0.328
      758  0.000   0.879   1    0.357
      759  0.000   0.879   1    0.403
      760  0.000   0.879   1    0.424
      761  0.002   0.881   1    0.442
      762  0.004   0.885   1    0.473
      763  0.002   0.887   1    0.510
      764  0.000   0.887   1    0.540
      765  0.000   0.887   1    0.567
      766  0.000   0.887   1    0.575
      767  0.000   0.887   1    0.595
      768  0.000   0.887   1    0.601
      769  0.000   0.887   1    0.603
      770  0.000   0.887   1    0.585
      771  0.000   0.887   1    0.552
      772  0.000   0.887   1    0.539
      773  0.000   0.888   1    0.543
      774  0.004   0.892   1    0.562
      775  0.004   0.896   1    0.593
      776  0.029   0.925   1    0.639
      777  0.001   0.926   1    0.676
      778  0.008   0.934   1    0.710
      779  0.000   0.934   1    0.722
      780  0.000   0.934   1    0.717
      781  0.000   0.934   1    0.704
      782  0.000   0.934   1    0.690
      783  0.000   0.934   1    0.707
      784  0.000   0.934   1    0.706
      785  0.000   0.934   1    0.720
      786  0.002   0.936   1    0.736
      787  0.002   0.938   1    0.764
      788  0.000   0.938   1    0.789
      789  0.000   0.938   1    0.806
      790  0.000   0.938   1    0.809
      791  0.000   0.938   1    0.796
      792  0.000   0.938   1    0.780
      793  0.000   0.938   1    0.778
      794  0.000   0.938   1    0.782
      795  0.042   0.981   1    0.807
      796  0.007   0.988   1    0.822
      797  0.000   0.988   1    0.842
      798  0.000   0.988   1    0.864
      799  0.000   0.988   1    0.905
      800  0.000   0.988   1    0.941
      801  0.000   0.988   1    0.976
      802  0.000   0.988   1    0.993
      803  0.000   0.988   1    1.011
      804  0.000   0.988   1    1.027
      805  0.000   0.988   1    1.044
      806  0.000   0.988   1    1.061
      807  0.000   0.988   1    1.092
      808  0.000   0.988   1    1.123
      809  0.000   0.988   1    1.133
      810  0.000   0.988   1    1.124
      811  0.000   0.988   1    1.117
      812  0.000   0.988   1    1.095
      813  0.000   0.988   1    1.067
      814  0.000   0.988   1    1.022
      815  0.000   0.988   1    0.998
      816  0.000   0.985   1    0.980
      817  0.000   0.957   1    0.969
      818  0.000   0.956   1    0.963
      819  0.000   0.956   1    0.964
      820  0.000   0.956   1    0.983
      821  0.000   0.956   1    1.003
      822  0.000   0.956   1    1.017
      823  0.000   0.956   1    1.019
      824  0.000   0.956   1    1.029
      825  0.000   0.955   1    1.024
      826  0.000   0.955   1    1.011
      827  0.000   0.943   1    0.993
      828  0.000   0.938   1    0.972
      829  0.000   0.938   1    0.965
      830  0.000   0.934   1    0.936
      831  0.000   0.934   1    0.913
      832  0.000   0.933   1    0.893
      833  0.000   0.933   1    0.881
      834  0.000   0.933   1    0.859
      835  0.000   0.933   1    0.852
      836  0.000   0.933   1    0.837
      837  0.000   0.932   1    0.826
      838  0.000   0.912   1    0.795
      839  0.000   0.911   1    0.776
      840  0.000   0.911   1    0.751
      841  0.000   0.911   1    0.745
      842  0.000   0.911   1    0.731
      843  0.000   0.911   1    0.711
      844  0.000   0.911   1    0.700
      845  0.000   0.911   1    0.705
      846  0.000   0.911   1    0.708
      847  0.000   0.911   1    0.705
      848  0.000   0.911   1    0.674
      849  0.000   0.911   1    0.625
      850  0.000   0.911   1    0.587
      851  0.000   0.911   1    0.550
      852  0.000   0.911   1    0.537
      853  0.000   0.911   1    0.526
      854  0.000   0.911   1    0.503
      855  0.000   0.911   1    0.481
      856  0.000   0.911   1    0.457
      857  0.000   0.910   1    0.432
      858  0.000   0.909   1    0.406
      859  0.000   0.908   1    0.392
      860  0.000   0.906   1    0.385
      861  0.000   0.905   1    0.377
      862  0.000   0.905   1    0.341
      863  0.000   0.905   1    0.308
      864  0.000   0.905   1    0.290
      865  0.000   0.904   1    0.288
      866  0.000   0.904   1    0.288
      867  0.000   0.904   1    0.281
      868  0.000   0.903   1    0.284
      869  0.000   0.902   1    0.286
      870  0.000   0.902   1    0.277
      871  0.000   0.902   1    0.268
      872  0.000   0.902   1    0.268
      873  0.000   0.902   1    0.253
      874  0.000   0.902   1    0.228
      875  0.000   0.901   1    0.187
      876  0.000   0.899   1    0.142
      877  0.000   0.764   1    0.092
      878  0.000   0.590   0    0.056
      879  0.000   0.507   0    0.001
      880  0.000   0.404   0   -0.020
      881  0.000   0.402   0   -0.030
      882  0.000   0.401   0   -0.031
      883  0.000   0.401   0   -0.029
      884  0.000   0.388   0   -0.029
      885  0.000   0.385   0   -0.024
      886  0.000   0.326   0   -0.049
      887  0.000   0.240   0   -0.077
      888  0.000   0.138   0   -0.103
      889  0.000   0.121   0   -0.111
      890  0.000   0.117   0   -0.127
      891  0.000   0.117   0   -0.137
      892  0.000   0.117   0   -0.140
      893  0.000   0.117   0   -0.137
      894  0.000   0.115   0   -0.125
      895  0.000   0.112   0   -0.127
      896  0.000   0.110   0   -0.147
      897  0.000   0.110   0   -0.159
      898  0.000   0.110   0   -0.173
      899  0.000   0.110   0   -0.188
      900  0.000   0.110   0   -0.221
      901  0.000   0.109   0   -0.238
      902  0.000   0.109   0   -0.251
      903  0.000   0.109   0   -0.238
      904  0.000   0.109   0   -0.214
      905  0.000   0.109   0   -0.201
      906  0.000   0.109   0   -0.176
      907  0.000   0.110   0   -0.181
      908  0.000   0.107   0   -0.195
      909  0.000   0.103   0   -0.190
      910  0.000   0.101   0   -0.195
      911  0.000   0.101   0   -0.188
      912  0.000   0.101   0   -0.188
      913  0.000   0.101   0   -0.178
      914  0.000   0.101   0   -0.184
      915  0.000   0.101   0   -0.191
      916  0.000   0.101   0   -0.177
      917  0.000   0.101   0   -0.148
      918  0.000   0.102   0   -0.139
      919  0.009   0.110   0   -0.146
      920  0.000   0.110   0   -0.155
      921  0.000   0.106   0   -0.169
      922  0.000   0.102   0   -0.184
      923  0.000   0.073   0   -0.185
      924  0.000   0.072   0   -0.183
      925  0.000   0.065   0   -0.171
      926  0.000   0.064   0   -0.168
      927  0.000   0.064   0   -0.186
      928  0.000   0.065   0   -0.189
      929  0.001   0.065   0   -0.182
      930  0.000   0.066   0   -0.155
      931  0.005   0.070   0   -0.143
      932  0.000   0.071   0   -0.136
      933  0.002   0.071   0   -0.122
      934  0.000   0.069   0   -0.080
      935  0.000   0.069   0   -0.052
      936  0.000   0.069   0   -0.018
      937  0.000   0.069   0    0.002
      938  0.000   0.069   0    0.016
      939  0.000   0.070   0    0.020
      940  0.000   0.070   0    0.009
      941  0.001   0.070   0    0.020
      942  0.001   0.028   0    0.029
      943  0.003   0.025   0    0.048
      944  0.000   0.025   0    0.040
      945  0.006   0.031   0    0.037
      946  0.000   0.031   0    0.050
      947  0.001   0.032   0    0.068
      948  0.006   0.038   0    0.054
      949  0.002   0.041   0    0.048
      950  0.000   0.041   0    0.051
      951  0.000   0.041   0    0.065
      952  0.000   0.041   0    0.071
      953  0.000   0.041   0    0.093
      954  0.002   0.043   0    0.116
      955  0.167   0.210   0    0.149
      956  0.195   0.406   1    0.172
      957  0.098   0.504   1    0.196
      958  0.039   0.543   1    0.218
      959  0.002   0.545   1    0.230
      960  0.031   0.577   1    0.245
      961  0.064   0.641   1    0.250
      962  0.043   0.683   1    0.277
      963  0.020   0.704   1    0.317
      964  0.066   0.769   1    0.348
      965  0.104   0.873   1    0.398
      966  0.127   1.000   1    0.431
      967  0.000   1.000   1    0.468
      968  0.000   1.000   1    0.485
      969  0.000   1.000   1    0.522
      970  0.000   1.000   1    0.542
      971  0.000   1.000   1    0.541
      972  0.000   1.000   1    0.522
      973  0.000   1.000   1    0.536
      974  0.000   1.000   1    0.563
      975  0.000   1.000   1    0.596
      976  0.000   1.000   1    0.628
      977  0.000   1.000   1    0.688
      978  0.000   1.000   1    0.730
      979  0.000   1.000   1    0.780
      980  0.000   1.000   1    0.813
      981  0.000   1.000   1    0.851
      982  0.000   1.000   1    0.887
      983  0.000   1.000   1    0.923
      984  0.000   1.000   1    0.943
      985  0.000   1.000   1    0.960
      986  0.000   1.000   1    0.990
      987  0.000   1.000   1    1.034
      988  0.000   1.000   1    1.067
      989  0.000   1.000   1    1.087
      990  0.000   1.000   1    1.107
      991  0.000   1.000   1    1.141
      992  0.000   1.000   1    1.160
      993  0.000   1.000   1    1.186
      994  0.000   1.000   1    1.218
      995  0.000   1.000   1    1.261
      996  0.000   1.000   1    1.289
      997  0.000   1.000   1    1.310
      998  0.000   1.000   1    1.321
      999  0.000   1.000   1    1.354
     1000  0.000   1.000   1    1.394
     1001  0.000   1.000   1    1.440
     1002  0.000   1.000   1    1.477
     1003  0.000   1.000   1    1.538
     1004  0.000   1.000   1    1.575
     1005  0.000   1.000   1    1.605
     1006  0.000   1.000   1    1.632
     1007  0.000   1.000   1    1.666
     1008  0.000   1.000   1    1.697
     1009  0.000   1.000   1    1.721
     1010  0.000   1.000   1    1.752
     1011  0.000   1.000   1    1.784
     1012  0.000   1.000   1    1.814
     1013  0.000   1.000   1    1.847
     1014  0.000   1.000   1    1.867
     1015  0.000   1.000   1    1.887
     1016  0.000   1.000   1    1.918
     1017  0.000   1.000   1    1.943
     1018  0.000   1.000   1    1.951
     1019  0.000   1.000   1    1.955
     1020  0.000   1.000   1    1.945
     1021  0.000   1.000   1    1.953
     1022  0.000   1.000   1    1.963
     1023  0.000   1.000   1    1.993
     1024  0.000   1.000   1    2.008
     1025  0.000   1.000   1    2.042
     1026  0.000   1.000   1    2.078
     1027  0.000   1.000   1    2.126
     1028  0.000   1.000   1    2.155
     1029  0.000   1.000   1    2.172
     1030  0.000   1.000   1    2.178
     1031  0.000   1.000   1    2.193
     1032  0.000   1.000   1    2.191
     1033  0.000   1.000   1    2.200
     1034  0.000   1.000   1    2.205
     1035  0.000   1.000   1    2.221
     1036  0.000   1.000   1    2.239
     1037  0.000   1.000   1    2.271
     1038  0.000   1.000   1    2.285
     1039  0.000   1.000   1    2.319
     1040  0.000   1.000   1    2.335
     1041  0.000   1.000   1    NA
     1042  0.000   1.000   1    NA
     1043  0.000   1.000   1    NA
     1044  0.000   1.000   1    NA
     1045  0.000   1.000   1    NA
     1046  0.000   1.000   1    NA
     1047  0.000   1.000   1    NA
     1048  0.000   1.000   1    NA
     1049  0.000   1.000   1    NA
     1050  0.000   1.000   1    NA
     1051  0.000   1.000   1    NA
     1052  0.000   1.000   1    NA
     1053  0.000   1.000   1    NA
     1054  0.000   1.000   1    NA
     1055  0.000   1.000   1    NA
     1056  0.000   1.000   1    NA
     1057  0.000   1.000   1    NA
     1058  0.000   0.999   1    NA
     1059  0.000   0.999   1    NA
     1060  0.000   0.999   1    NA
     1061  0.000   0.999   1    NA
     1062  0.000   0.999   1    NA
     1063  0.000   0.999   1    NA
     1064  0.000   0.999   1    NA
     1065  0.000   0.999   1    NA
     1066  0.000   0.990   1    NA
     1067  0.000   0.990   1    NA
     1068  0.000   0.990   1    NA
     1069  0.000   0.990   1    NA
     1070  0.000   0.990   1    NA
     1071  0.000   0.990   1    NA
     1072  0.000   0.990   1    NA
     1073  0.000   0.990   1    NA
     1074  0.000   0.990   1    NA
     1075  0.000   0.990   1    NA
     1076  0.000   0.989   1    NA
     1077  0.000   0.989   1    NA
     1078  0.000   0.984   1    NA
     1079  0.000   0.984   1    NA
     1080  0.000   0.981   1    NA
     1081  0.000   0.981   1    NA
     1082  0.000   0.981   1    NA
     1083  0.000   0.981   1    NA
     1084  0.000   0.981   1    NA
     1085  0.000   0.981   1    NA
     1086  0.000   0.980   1    NA
     1087  0.000   0.980   1    NA
     1088  0.000   0.980   1    NA
     1089  0.000   0.979   1    NA
     1090  0.000   0.976   1    NA
     1091  0.000   0.975   1    NA
     1092  0.000   0.969   1    NA
     1093  0.000   0.969   1    NA
     1094  0.000   0.968   1    NA
     1095  0.000   0.962   1    NA
     1096  0.000   0.959   1    NA
     1097  0.000   0.959   1    NA
     1098  0.000   0.959   1    NA
     1099  0.000   0.959   1    NA
     1100  0.000   0.958   1    NA
     1101  0.000   0.957   1    NA
     1102  0.000   0.790   1    NA
     1103  0.000   0.594   0    NA
     1104  0.000   0.496   0    NA
     1105  0.000   0.457   0    NA
     1106  0.000   0.455   0    NA
     1107  0.000   0.423   0    NA
     1108  0.000   0.359   0    NA
     1109  0.000   0.317   0    NA
     1110  0.000   0.296   0    NA
     1111  0.000   0.231   0    NA
     1112  0.000   0.127   0    NA
     1113  0.000   0.000   0    NA
