 Position  P-start Occup  N/L  Affinity
        1  0.000   0.000   0    NA
        2  0.000   0.000   0    NA
        3  0.000   0.001   0    NA
        4  0.000   0.001   0    NA
        5  0.000   0.001   0    NA
        6  0.000   0.001   0    NA
        7  0.001   0.003   0    NA
        8  0.001   0.003   0    NA
        9  0.000   0.004   0    NA
       10  0.000   0.004   0    NA
       11  0.000   0.004   0    NA
       12  0.000   0.004   0    NA
       13  0.001   0.005   0    NA
       14  0.000   0.005   0    NA
       15  0.001   0.006   0    NA
       16  0.000   0.006   0    NA
       17  0.000   0.006   0    NA
       18  0.000   0.006   0    NA
       19  0.002   0.008   0    NA
       20  0.003   0.011   0    NA
       21  0.002   0.014   0    NA
       22  0.001   0.015   0    NA
       23  0.000   0.015   0    NA
       24  0.001   0.016   0    NA
       25  0.001   0.017   0    NA
       26  0.000   0.017   0    NA
       27  0.000   0.017   0    NA
       28  0.000   0.017   0    NA
       29  0.000   0.017   0    NA
       30  0.000   0.017   0    NA
       31  0.000   0.017   0    NA
       32  0.001   0.019   0    NA
       33  0.007   0.025   0    NA
       34  0.002   0.028   0    NA
       35  0.000   0.028   0    NA
       36  0.000   0.028   0    NA
       37  0.000   0.028   0    NA
       38  0.277   0.305   1    NA
       39  0.087   0.393   1    NA
       40  0.014   0.406   1    NA
       41  0.002   0.408   1    NA
       42  0.043   0.451   1    NA
       43  0.043   0.494   1    NA
       44  0.001   0.495   1    NA
       45  0.000   0.495   1    NA
       46  0.000   0.495   1    NA
       47  0.001   0.496   1    NA
       48  0.000   0.496   1    NA
       49  0.000   0.496   1    NA
       50  0.000   0.496   1    NA
       51  0.029   0.526   1    NA
       52  0.000   0.526   1    NA
       53  0.000   0.526   1    NA
       54  0.001   0.527   1    NA
       55  0.002   0.529   1    NA
       56  0.026   0.556   1    NA
       57  0.009   0.565   1    NA
       58  0.000   0.565   1    NA
       59  0.000   0.565   1    NA
       60  0.000   0.565   1    NA
       61  0.000   0.565   1    NA
       62  0.000   0.565   1    NA
       63  0.000   0.565   1    NA
       64  0.000   0.565   1    NA
       65  0.000   0.565   1    NA
       66  0.000   0.566   1    NA
       67  0.000   0.566   1    NA
       68  0.000   0.566   1    NA
       69  0.000   0.567   1    NA
       70  0.002   0.569   1    NA
       71  0.000   0.569   1    NA
       72  0.000   0.570   1    NA
       73  0.000   0.570   1    NA
       74  0.000   0.570   1    1.083
       75  0.000   0.570   1    1.067
       76  0.000   0.570   1    1.062
       77  0.001   0.572   1    1.028
       78  0.000   0.572   1    1.050
       79  0.000   0.572   1    1.074
       80  0.000   0.572   1    1.092
       81  0.000   0.573   1    1.084
       82  0.004   0.576   1    1.062
       83  0.000   0.577   1    1.061
       84  0.030   0.607   1    1.098
       85  0.004   0.611   1    1.128
       86  0.000   0.611   1    1.153
       87  0.000   0.611   1    1.164
       88  0.000   0.611   1    1.194
       89  0.002   0.614   1    1.221
       90  0.276   0.890   1    1.228
       91  0.080   0.970   1    1.231
       92  0.027   0.997   1    1.231
       93  0.001   0.998   1    1.237
       94  0.000   0.998   1    1.233
       95  0.000   0.998   1    1.231
       96  0.000   0.998   1    1.236
       97  0.000   0.998   1    1.252
       98  0.000   0.998   1    1.249
       99  0.000   0.998   1    1.238
      100  0.000   0.998   1    1.243
      101  0.000   0.998   1    1.254
      102  0.000   0.998   1    1.280
      103  0.000   0.999   1    1.296
      104  0.000   0.999   1    1.301
      105  0.000   0.999   1    1.299
      106  0.000   0.999   1    1.296
      107  0.000   0.999   1    1.276
      108  0.000   0.999   1    1.265
      109  0.000   0.999   1    1.260
      110  0.000   0.999   1    1.267
      111  0.000   0.999   1    1.285
      112  0.000   0.999   1    1.304
      113  0.000   0.999   1    1.304
      114  0.000   0.999   1    1.295
      115  0.000   0.999   1    1.298
      116  0.000   0.999   1    1.302
      117  0.000   0.999   1    1.315
      118  0.000   0.999   1    1.317
      119  0.000   0.999   1    1.305
      120  0.000   0.999   1    1.282
      121  0.000   0.999   1    1.275
      122  0.000   0.999   1    1.270
      123  0.000   0.999   1    1.273
      124  0.000   0.999   1    1.274
      125  0.000   0.999   1    1.266
      126  0.000   0.999   1    1.261
      127  0.000   0.999   1    1.271
      128  0.000   0.999   1    1.294
      129  0.000   0.999   1    1.309
      130  0.000   0.999   1    1.338
      131  0.000   0.999   1    1.352
      132  0.000   0.999   1    1.377
      133  0.000   0.999   1    1.366
      134  0.000   0.999   1    1.355
      135  0.000   0.999   1    1.359
      136  0.000   0.999   1    1.392
      137  0.000   0.999   1    1.431
      138  0.000   0.999   1    1.447
      139  0.000   0.999   1    1.428
      140  0.000   0.999   1    1.402
      141  0.000   0.999   1    1.367
      142  0.000   0.999   1    1.342
      143  0.000   0.999   1    1.302
      144  0.000   0.999   1    1.269
      145  0.000   0.999   1    1.254
      146  0.000   0.999   1    1.241
      147  0.000   0.999   1    1.225
      148  0.000   0.999   1    1.208
      149  0.000   0.999   1    1.199
      150  0.000   0.998   1    1.192
      151  0.000   0.998   1    1.176
      152  0.000   0.998   1    1.159
      153  0.000   0.997   1    1.155
      154  0.000   0.996   1    1.163
      155  0.000   0.995   1    1.157
      156  0.000   0.995   1    1.137
      157  0.000   0.995   1    1.103
      158  0.000   0.995   1    1.065
      159  0.000   0.995   1    1.037
      160  0.000   0.994   1    1.026
      161  0.000   0.994   1    1.012
      162  0.000   0.993   1    1.011
      163  0.000   0.993   1    1.008
      164  0.000   0.993   1    1.002
      165  0.000   0.993   1    0.984
      166  0.000   0.991   1    0.961
      167  0.000   0.988   1    0.928
      168  0.000   0.985   1    0.915
      169  0.000   0.984   1    0.891
      170  0.000   0.984   1    0.863
      171  0.000   0.983   1    0.813
      172  0.000   0.982   1    0.776
      173  0.000   0.982   1    0.748
      174  0.000   0.982   1    0.734
      175  0.000   0.982   1    0.727
      176  0.000   0.982   1    0.701
      177  0.000   0.982   1    0.664
      178  0.000   0.982   1    0.616
      179  0.000   0.981   1    0.578
      180  0.000   0.974   1    0.552
      181  0.000   0.972   1    0.523
      182  0.000   0.972   1    0.491
      183  0.000   0.972   1    0.454
      184  0.000   0.971   1    0.429
      185  0.000   0.694   0    0.381
      186  0.001   0.608   0    0.335
      187  0.002   0.596   0    0.312
      188  0.000   0.595   0    0.291
      189  0.000   0.552   0    0.264
      190  0.000   0.509   0    0.205
      191  0.000   0.508   0    0.146
      192  0.000   0.508   0    0.092
      193  0.000   0.508   0    0.046
      194  0.000   0.507   0    0.011
      195  0.000   0.507   0   -0.013
      196  0.000   0.507   0   -0.016
      197  0.001   0.508   0   -0.015
      198  0.001   0.479   0   -0.022
      199  0.000   0.479   0   -0.053
      200  0.000   0.479   0   -0.084
      201  0.000   0.478   0   -0.118
      202  0.000   0.475   0   -0.130
      203  0.000   0.449   0   -0.150
      204  0.000   0.440   0   -0.174
      205  0.000   0.440   0   -0.199
      206  0.000   0.440   0   -0.214
      207  0.000   0.440   0   -0.241
      208  0.000   0.440   0   -0.260
      209  0.000   0.440   0   -0.290
      210  0.000   0.439   0   -0.314
      211  0.000   0.439   0   -0.318
      212  0.000   0.439   0   -0.325
      213  0.000   0.439   0   -0.324
      214  0.000   0.439   0   -0.320
      215  0.000   0.438   0   -0.319
      216  0.000   0.438   0   -0.314
      217  0.000   0.436   0   -0.339
      218  0.000   0.435   0   -0.387
      219  0.000   0.435   0   -0.428
      220  0.000   0.435   0   -0.450
      221  0.000   0.435   0   -0.453
      222  0.000   0.435   0   -0.455
      223  0.000   0.435   0   -0.459
      224  0.000   0.433   0   -0.474
      225  0.000   0.433   0   -0.483
      226  0.000   0.433   0   -0.493
      227  0.000   0.432   0   -0.507
      228  0.000   0.432   0   -0.519
      229  0.000   0.428   0   -0.530
      230  0.000   0.428   0   -0.545
      231  0.000   0.398   0   -0.552
      232  0.000   0.394   0   -0.537
      233  0.000   0.394   0   -0.511
      234  0.000   0.394   0   -0.504
      235  0.000   0.393   0   -0.502
      236  0.000   0.391   0   -0.503
      237  0.000   0.115   0   -0.511
      238  0.000   0.035   0   -0.523
      239  0.000   0.008   0   -0.540
      240  0.000   0.006   0   -0.547
      241  0.000   0.006   0   -0.536
      242  0.000   0.006   0   -0.542
      243  0.000   0.006   0   -0.543
      244  0.000   0.006   0   -0.546
      245  0.000   0.006   0   -0.537
      246  0.000   0.006   0   -0.552
      247  0.000   0.006   0   -0.580
      248  0.000   0.006   0   -0.607
      249  0.000   0.006   0   -0.621
      250  0.000   0.006   0   -0.638
      251  0.000   0.006   0   -0.667
      252  0.000   0.006   0   -0.712
      253  0.000   0.006   0   -0.744
      254  0.000   0.006   0   -0.763
      255  0.000   0.006   0   -0.789
      256  0.000   0.006   0   -0.834
      257  0.000   0.006   0   -0.892
      258  0.000   0.006   0   -0.946
      259  0.000   0.006   0   -0.984
      260  0.000   0.006   0   -1.021
      261  0.000   0.006   0   -1.056
      262  0.000   0.006   0   -1.082
      263  0.000   0.006   0   -1.112
      264  0.000   0.006   0   -1.142
      265  0.000   0.006   0   -1.182
      266  0.000   0.006   0   -1.242
      267  0.000   0.006   0   -1.303
      268  0.000   0.006   0   -1.361
      269  0.000   0.006   0   -1.432
      270  0.000   0.006   0   -1.502
      271  0.000   0.006   0   -1.544
      272  0.000   0.006   0   -1.554
      273  0.000   0.006   0   -1.541
      274  0.000   0.006   0   -1.535
      275  0.000   0.006   0   -1.536
      276  0.000   0.006   0   -1.546
      277  0.000   0.006   0   -1.562
      278  0.000   0.006   0   -1.598
      279  0.000   0.007   0   -1.609
      280  0.002   0.009   0   -1.625
      281  0.001   0.009   0   -1.630
      282  0.000   0.009   0   -1.623
      283  0.000   0.009   0   -1.633
      284  0.000   0.009   0   -1.629
      285  0.000   0.009   0   -1.625
      286  0.000   0.009   0   -1.626
      287  0.000   0.010   0   -1.653
      288  0.007   0.017   0   -1.680
      289  0.002   0.019   0   -1.686
      290  0.002   0.021   0   -1.696
      291  0.001   0.022   0   -1.719
      292  0.002   0.024   0   -1.731
      293  0.002   0.026   0   -1.739
      294  0.000   0.027   0   -1.755
      295  0.000   0.027   0   -1.753
      296  0.013   0.040   0   -1.765
      297  0.001   0.041   0   -1.776
      298  0.000   0.041   0   -1.793
      299  0.000   0.041   0   -1.810
      300  0.000   0.041   0   -1.803
      301  0.000   0.041   0   -1.777
      302  0.000   0.041   0   -1.728
      303  0.000   0.041   0   -1.679
      304  0.000   0.041   0   -1.652
      305  0.000   0.041   0   -1.635
      306  0.000   0.041   0   -1.602
      307  0.000   0.041   0   -1.552
      308  0.000   0.041   0   -1.501
      309  0.000   0.041   0   -1.450
      310  0.000   0.041   0   -1.401
      311  0.000   0.041   0   -1.334
      312  0.000   0.040   0   -1.269
      313  0.000   0.040   0   -1.204
      314  0.000   0.040   0   -1.155
      315  0.000   0.040   0   -1.096
      316  0.000   0.040   0   -1.050
      317  0.000   0.040   0   -1.012
      318  0.000   0.040   0   -0.980
      319  0.000   0.040   0   -0.944
      320  0.000   0.040   0   -0.900
      321  0.000   0.040   0   -0.851
      322  0.000   0.040   0   -0.802
      323  0.000   0.040   0   -0.763
      324  0.000   0.040   0   -0.696
      325  0.000   0.040   0   -0.618
      326  0.000   0.040   0   -0.551
      327  0.000   0.040   0   -0.498
      328  0.000   0.040   0   -0.460
      329  0.000   0.040   0   -0.446
      330  0.000   0.040   0   -0.429
      331  0.000   0.040   0   -0.411
      332  0.000   0.040   0   -0.377
      333  0.000   0.039   0   -0.328
      334  0.000   0.037   0   -0.268
      335  0.000   0.037   0   -0.213
      336  0.000   0.037   0   -0.151
      337  0.000   0.037   0   -0.109
      338  0.000   0.037   0   -0.052
      339  0.000   0.037   0   -0.010
      340  0.000   0.037   0    0.020
      341  0.000   0.036   0    0.054
      342  0.000   0.036   0    0.104
      343  0.000   0.036   0    0.145
      344  0.000   0.035   0    0.168
      345  0.000   0.035   0    0.190
      346  0.000   0.035   0    0.222
      347  0.000   0.035   0    0.243
      348  0.001   0.036   0    0.256
      349  0.002   0.038   0    0.269
      350  0.000   0.038   0    0.265
      351  0.000   0.038   0    0.251
      352  0.000   0.038   0    0.244
      353  0.001   0.039   0    0.244
      354  0.002   0.041   0    0.252
      355  0.080   0.120   0    0.232
      356  0.093   0.213   0    0.209
      357  0.025   0.238   0    0.184
      358  0.249   0.487   1    0.165
      359  0.023   0.510   1    0.147
      360  0.166   0.677   1    0.126
      361  0.014   0.690   1    0.084
      362  0.004   0.694   1    0.026
      363  0.051   0.745   1   -0.042
      364  0.210   0.955   1   -0.105
      365  0.006   0.961   1   -0.137
      366  0.001   0.962   1   -0.154
      367  0.000   0.962   1   -0.157
      368  0.000   0.962   1   -0.161
      369  0.003   0.965   1   -0.162
      370  0.002   0.967   1   -0.190
      371  0.001   0.968   1   -0.223
      372  0.002   0.971   1   -0.240
      373  0.000   0.971   1   -0.257
      374  0.000   0.971   1   -0.268
      375  0.000   0.971   1   -0.290
      376  0.001   0.972   1   -0.312
      377  0.000   0.972   1   -0.339
      378  0.000   0.972   1   -0.359
      379  0.000   0.972   1   -0.376
      380  0.000   0.972   1   -0.403
      381  0.000   0.972   1   -0.427
      382  0.001   0.973   1   -0.456
      383  0.001   0.974   1   -0.480
      384  0.000   0.974   1   -0.481
      385  0.000   0.974   1   -0.482
      386  0.005   0.980   1   -0.481
      387  0.010   0.989   1   -0.497
      388  0.000   0.989   1   -0.529
      389  0.000   0.990   1   -0.564
      390  0.000   0.990   1   -0.606
      391  0.000   0.990   1   -0.646
      392  0.003   0.993   1   -0.676
      393  0.003   0.996   1   -0.687
      394  0.000   0.996   1   -0.683
      395  0.000   0.996   1   -0.664
      396  0.000   0.996   1   -0.668
      397  0.000   0.996   1   -0.688
      398  0.000   0.996   1   -0.694
      399  0.000   0.996   1   -0.677
      400  0.000   0.996   1   -0.657
      401  0.000   0.996   1   -0.621
      402  0.000   0.996   1   -0.575
      403  0.000   0.996   1   -0.529
      404  0.000   0.996   1   -0.463
      405  0.000   0.996   1   -0.410
      406  0.000   0.996   1   -0.339
      407  0.000   0.996   1   -0.281
      408  0.000   0.996   1   -0.230
      409  0.000   0.996   1   -0.177
      410  0.000   0.996   1   -0.105
      411  0.000   0.996   1   -0.050
      412  0.000   0.996   1   -0.009
      413  0.000   0.996   1    0.021
      414  0.000   0.996   1    0.060
      415  0.000   0.996   1    0.122
      416  0.000   0.996   1    0.188
      417  0.000   0.996   1    0.262
      418  0.000   0.996   1    0.344
      419  0.000   0.996   1    0.416
      420  0.000   0.996   1    0.461
      421  0.000   0.996   1    0.494
      422  0.000   0.996   1    0.521
      423  0.000   0.996   1    0.536
      424  0.000   0.996   1    0.547
      425  0.000   0.996   1    0.567
      426  0.000   0.996   1    0.591
      427  0.000   0.994   1    0.619
      428  0.000   0.993   1    0.661
      429  0.000   0.993   1    0.700
      430  0.000   0.993   1    0.730
      431  0.000   0.993   1    0.777
      432  0.000   0.993   1    0.847
      433  0.000   0.993   1    0.923
      434  0.000   0.993   1    0.948
      435  0.000   0.985   1    0.978
      436  0.000   0.983   1    0.990
      437  0.000   0.981   1    1.016
      438  0.000   0.980   1    1.053
      439  0.000   0.978   1    1.091
      440  0.000   0.976   1    1.114
      441  0.000   0.976   1    1.125
      442  0.000   0.975   1    1.137
      443  0.000   0.962   1    1.166
      444  0.000   0.962   1    1.175
      445  0.000   0.962   1    1.195
      446  0.000   0.962   1    1.197
      447  0.000   0.962   1    1.186
      448  0.000   0.962   1    1.143
      449  0.000   0.962   1    1.098
      450  0.000   0.962   1    1.060
      451  0.000   0.962   1    1.039
      452  0.000   0.962   1    1.023
      453  0.000   0.962   1    0.981
      454  0.000   0.962   1    0.946
      455  0.000   0.962   1    0.916
      456  0.000   0.962   1    0.879
      457  0.000   0.962   1    0.846
      458  0.000   0.962   1    0.809
      459  0.000   0.962   1    0.758
      460  0.000   0.962   1    0.703
      461  0.000   0.962   1    0.636
      462  0.000   0.962   1    0.584
      463  0.000   0.962   1    0.535
      464  0.000   0.963   1    0.473
      465  0.000   0.963   1    0.414
      466  0.003   0.966   1    0.360
      467  0.002   0.969   1    0.305
      468  0.001   0.970   1    0.260
      469  0.000   0.970   1    0.228
      470  0.000   0.970   1    0.178
      471  0.000   0.970   1    0.142
      472  0.000   0.970   1    0.096
      473  0.001   0.971   1    0.031
      474  0.000   0.971   1   -0.034
      475  0.000   0.971   1   -0.091
      476  0.000   0.971   1   -0.144
      477  0.000   0.971   1   -0.203
      478  0.000   0.971   1   -0.247
      479  0.000   0.971   1   -0.284
      480  0.000   0.971   1   -0.325
      481  0.000   0.971   1   -0.372
      482  0.000   0.971   1   -0.425
      483  0.000   0.971   1   -0.477
      484  0.000   0.971   1   -0.527
      485  0.000   0.971   1   -0.558
      486  0.000   0.971   1   -0.615
      487  0.000   0.971   1   -0.686
      488  0.000   0.971   1   -0.763
      489  0.000   0.971   1   -0.799
      490  0.000   0.971   1   -0.835
      491  0.000   0.971   1   -0.860
      492  0.000   0.971   1   -0.890
      493  0.000   0.971   1   -0.930
      494  0.000   0.971   1   -0.973
      495  0.000   0.970   1   -1.018
      496  0.000   0.968   1   -1.058
      497  0.000   0.968   1   -1.084
      498  0.000   0.968   1   -1.098
      499  0.000   0.968   1   -1.097
      500  0.000   0.967   1   -1.099
      501  0.000   0.965   1   -1.090
      502  0.000   0.886   1   -1.090
      503  0.000   0.793   1   -1.062
      504  0.000   0.768   1   -1.044
      505  0.000   0.519   0   -1.042
      506  0.000   0.496   0   -1.063
      507  0.001   0.330   0   -1.083
      508  0.000   0.317   0   -1.078
      509  0.000   0.313   0   -1.070
      510  0.000   0.262   0   -1.059
      511  0.000   0.051   0   -1.051
      512  0.000   0.046   0   -1.038
      513  0.000   0.045   0   -1.020
      514  0.000   0.045   0   -1.000
      515  0.001   0.045   0   -0.969
      516  0.003   0.046   0   -0.952
      517  0.001   0.045   0   -0.943
      518  0.000   0.044   0   -0.920
      519  0.000   0.042   0   -0.887
      520  0.000   0.042   0   -0.872
      521  0.000   0.042   0   -0.849
      522  0.000   0.042   0   -0.828
      523  0.000   0.041   0   -0.823
      524  0.000   0.041   0   -0.823
      525  0.000   0.041   0   -0.821
      526  0.000   0.041   0   -0.815
      527  0.000   0.041   0   -0.808
      528  0.000   0.041   0   -0.782
      529  0.000   0.040   0   -0.742
      530  0.000   0.039   0   -0.713
      531  0.000   0.039   0   -0.694
      532  0.000   0.039   0   -0.670
      533  0.000   0.033   0   -0.643
      534  0.000   0.023   0   -0.619
      535  0.000   0.023   0   -0.593
      536  0.000   0.023   0   -0.560
      537  0.000   0.023   0   -0.525
      538  0.000   0.023   0   -0.507
      539  0.000   0.020   0   -0.496
      540  0.000   0.017   0   -0.485
      541  0.000   0.016   0   -0.460
      542  0.000   0.016   0   -0.426
      543  0.000   0.016   0   -0.399
      544  0.000   0.016   0   -0.379
      545  0.000   0.016   0   -0.403
      546  0.000   0.016   0   -0.423
      547  0.000   0.016   0   -0.441
      548  0.000   0.016   0   -0.463
      549  0.000   0.016   0   -0.489
      550  0.000   0.017   0   -0.499
      551  0.000   0.017   0   -0.505
      552  0.000   0.017   0   -0.506
      553  0.000   0.017   0   -0.507
      554  0.000   0.017   0   -0.519
      555  0.000   0.017   0   -0.536
      556  0.000   0.017   0   -0.562
      557  0.000   0.017   0   -0.572
      558  0.003   0.020   0   -0.599
      559  0.007   0.028   0   -0.626
      560  0.000   0.028   0   -0.637
      561  0.000   0.028   0   -0.615
      562  0.000   0.028   0   -0.581
      563  0.000   0.028   0   -0.562
      564  0.000   0.028   0   -0.574
      565  0.000   0.028   0   -0.604
      566  0.000   0.028   0   -0.645
      567  0.001   0.029   0   -0.705
      568  0.000   0.029   0   -0.751
      569  0.000   0.029   0   -0.802
      570  0.000   0.029   0   -0.845
      571  0.000   0.029   0   -0.868
      572  0.000   0.029   0   -0.894
      573  0.000   0.029   0   -0.936
      574  0.000   0.029   0   -0.995
      575  0.000   0.029   0   -1.042
      576  0.000   0.029   0   -1.093
      577  0.000   0.029   0   -1.133
      578  0.000   0.029   0   -1.171
      579  0.000   0.029   0   -1.210
      580  0.000   0.029   0   -1.225
      581  0.000   0.030   0   -1.245
      582  0.000   0.030   0   -1.252
      583  0.000   0.030   0   -1.287
      584  0.000   0.030   0   -1.327
      585  0.000   0.030   0   -1.372
      586  0.000   0.030   0   -1.418
      587  0.000   0.030   0   -1.465
      588  0.000   0.030   0   -1.487
      589  0.000   0.030   0   -1.505
      590  0.000   0.030   0   -1.516
      591  0.000   0.030   0   -1.533
      592  0.000   0.030   0   -1.548
      593  0.000   0.030   0   -1.551
      594  0.000   0.030   0   -1.546
      595  0.000   0.030   0   -1.549
      596  0.000   0.030   0   -1.540
      597  0.000   0.030   0   -1.543
      598  0.000   0.030   0   -1.536
      599  0.000   0.030   0   -1.544
      600  0.000   0.029   0   -1.543
      601  0.000   0.029   0   -1.538
      602  0.000   0.029   0   -1.534
      603  0.000   0.029   0   -1.509
      604  0.000   0.029   0   -1.468
      605  0.000   0.029   0   -1.429
      606  0.000   0.029   0   -1.398
      607  0.000   0.029   0   -1.386
      608  0.000   0.029   0   -1.407
      609  0.000   0.029   0   -1.433
      610  0.000   0.029   0   -1.447
      611  0.000   0.029   0   -1.445
      612  0.000   0.028   0   -1.429
      613  0.000   0.025   0   -1.410
      614  0.000   0.023   0   -1.393
      615  0.000   0.022   0   -1.402
      616  0.000   0.022   0   -1.421
      617  0.000   0.022   0   -1.446
      618  0.000   0.022   0   -1.473
      619  0.000   0.021   0   -1.491
      620  0.000   0.021   0   -1.510
      621  0.000   0.021   0   -1.510
      622  0.000   0.021   0   -1.491
      623  0.000   0.021   0   -1.463
      624  0.000   0.021   0   -1.437
      625  0.000   0.021   0   -1.416
      626  0.000   0.021   0   -1.403
      627  0.000   0.021   0   -1.386
      628  0.000   0.021   0   -1.374
      629  0.000   0.021   0   -1.363
      630  0.000   0.021   0   -1.361
      631  0.000   0.021   0   -1.362
      632  0.000   0.021   0   -1.348
      633  0.000   0.021   0   -1.317
      634  0.000   0.021   0   -1.292
      635  0.000   0.021   0   -1.279
      636  0.000   0.021   0   -1.297
      637  0.000   0.021   0   -1.315
      638  0.000   0.021   0   -1.300
      639  0.000   0.021   0   -1.285
      640  0.000   0.021   0   -1.262
      641  0.000   0.021   0   -1.233
      642  0.000   0.021   0   -1.205
      643  0.000   0.021   0   -1.192
      644  0.000   0.021   0   -1.190
      645  0.000   0.021   0   -1.188
      646  0.000   0.021   0   -1.196
      647  0.000   0.021   0   -1.227
      648  0.000   0.021   0   -1.271
      649  0.000   0.021   0   -1.312
      650  0.000   0.021   0   -1.337
      651  0.000   0.021   0   -1.366
      652  0.000   0.021   0   -1.379
      653  0.000   0.021   0   -1.402
      654  0.000   0.020   0   -1.418
      655  0.000   0.020   0   -1.402
      656  0.000   0.020   0   -1.386
      657  0.000   0.020   0   -1.370
      658  0.000   0.020   0   -1.394
      659  0.000   0.020   0   -1.421
      660  0.000   0.020   0   -1.430
      661  0.000   0.020   0   -1.422
      662  0.000   0.019   0   -1.422
      663  0.000   0.016   0   -1.425
      664  0.000   0.014   0   -1.417
      665  0.000   0.014   0   -1.407
      666  0.000   0.014   0   -1.407
      667  0.000   0.015   0   -1.397
      668  0.002   0.016   0   -1.383
      669  0.003   0.019   0   -1.387
      670  0.022   0.041   0   -1.396
      671  0.001   0.042   0   -1.415
      672  0.000   0.042   0   -1.428
      673  0.000   0.042   0   -1.429
      674  0.000   0.042   0   -1.404
      675  0.000   0.042   0   -1.369
      676  0.000   0.042   0   -1.340
      677  0.000   0.042   0   -1.327
      678  0.004   0.045   0   -1.338
      679  0.005   0.051   0   -1.344
      680  0.002   0.052   0   -1.358
      681  0.008   0.061   0   -1.365
      682  0.001   0.061   0   -1.365
      683  0.030   0.091   0   -1.356
      684  0.006   0.097   0   -1.330
      685  0.001   0.098   0   -1.298
      686  0.000   0.098   0   -1.265
      687  0.000   0.098   0   -1.253
      688  0.000   0.098   0   -1.257
      689  0.000   0.098   0   -1.263
      690  0.001   0.099   0   -1.286
      691  0.024   0.122   0   -1.274
      692  0.001   0.123   0   -1.265
      693  0.000   0.123   0   -1.255
      694  0.000   0.123   0   -1.239
      695  0.000   0.123   0   -1.221
      696  0.000   0.123   0   -1.200
      697  0.000   0.123   0   -1.175
      698  0.000   0.123   0   -1.156
      699  0.000   0.123   0   -1.138
      700  0.000   0.123   0   -1.125
      701  0.000   0.123   0   -1.099
      702  0.000   0.123   0   -1.044
      703  0.000   0.123   0   -0.988
      704  0.000   0.122   0   -0.939
      705  0.000   0.119   0   -0.900
      706  0.000   0.112   0   -0.871
      707  0.000   0.112   0   -0.875
      708  0.000   0.112   0   -0.863
      709  0.002   0.114   0   -0.837
      710  0.000   0.114   0   -0.819
      711  0.002   0.116   0   -0.797
      712  0.000   0.116   0   -0.776
      713  0.004   0.119   0   -0.721
      714  0.001   0.120   0   -0.668
      715  0.001   0.121   0   -0.635
      716  0.000   0.121   0   -0.600
      717  0.000   0.121   0   -0.561
      718  0.000   0.121   0   -0.516
      719  0.000   0.121   0   -0.481
      720  0.000   0.121   0   -0.458
      721  0.000   0.121   0   -0.424
      722  0.000   0.122   0   -0.406
      723  0.000   0.122   0   -0.400
      724  0.000   0.122   0   -0.352
      725  0.000   0.122   0   -0.282
      726  0.000   0.122   0   -0.213
      727  0.000   0.122   0   -0.143
      728  0.003   0.125   0   -0.093
      729  0.007   0.131   0   -0.049
      730  0.231   0.362   1   -0.008
      731  0.182   0.544   1    0.022
      732  0.116   0.660   1    0.045
      733  0.126   0.787   1    0.066
      734  0.002   0.789   1    0.086
      735  0.001   0.790   1    0.126
      736  0.001   0.790   1    0.175
      737  0.004   0.794   1    0.222
      738  0.000   0.795   1    0.264
      739  0.003   0.798   1    0.301
      740  0.008   0.806   1    0.318
      741  0.023   0.829   1    0.335
      742  0.003   0.832   1    0.346
      743  0.004   0.836   1    0.366
      744  0.000   0.836   1    0.376
      745  0.000   0.836   1    0.400
      746  0.000   0.836   1    0.408
      747  0.005   0.841   1    0.441
      748  0.007   0.848   1    0.459
      749  0.004   0.851   1    0.466
      750  0.000   0.851   1    0.474
      751  0.000   0.851   1    0.476
      752  0.000   0.852   1    0.477
      753  0.001   0.852   1    0.471
      754  0.001   0.854   1    0.502
      755  0.000   0.854   1    0.543
      756  0.000   0.854   1    0.580
      757  0.000   0.854   1    0.603
      758  0.000   0.854   1    0.624
      759  0.000   0.854   1    0.659
      760  0.000   0.854   1    0.684
      761  0.053   0.908   1    0.711
      762  0.027   0.935   1    0.755
      763  0.015   0.950   1    0.792
      764  0.000   0.950   1    0.815
      765  0.000   0.951   1    0.833
      766  0.000   0.951   1    0.832
      767  0.000   0.951   1    0.843
      768  0.000   0.951   1    0.840
      769  0.000   0.950   1    0.832
      770  0.000   0.950   1    0.809
      771  0.000   0.950   1    0.773
      772  0.000   0.950   1    0.758
      773  0.000   0.950   1    0.760
      774  0.002   0.952   1    0.773
      775  0.001   0.953   1    0.800
      776  0.005   0.957   1    0.840
      777  0.000   0.958   1    0.871
      778  0.003   0.960   1    0.898
      779  0.000   0.960   1    0.902
      780  0.000   0.960   1    0.890
      781  0.000   0.960   1    0.880
      782  0.000   0.960   1    0.862
      783  0.000   0.960   1    0.869
      784  0.000   0.960   1    0.851
      785  0.000   0.960   1    0.845
      786  0.001   0.961   1    0.850
      787  0.001   0.963   1    0.874
      788  0.000   0.963   1    0.896
      789  0.000   0.963   1    0.917
      790  0.000   0.963   1    0.921
      791  0.000   0.963   1    0.912
      792  0.000   0.963   1    0.899
      793  0.000   0.963   1    0.905
      794  0.000   0.963   1    0.915
      795  0.027   0.990   1    0.939
      796  0.006   0.996   1    0.954
      797  0.000   0.996   1    0.980
      798  0.000   0.996   1    1.005
      799  0.000   0.996   1    1.053
      800  0.000   0.996   1    1.094
      801  0.000   0.996   1    1.133
      802  0.000   0.996   1    1.150
      803  0.000   0.996   1    1.162
      804  0.000   0.996   1    1.184
      805  0.000   0.996   1    1.205
      806  0.000   0.996   1    1.236
      807  0.000   0.996   1    1.281
      808  0.000   0.997   1    1.320
      809  0.000   0.997   1    1.330
      810  0.000   0.997   1    1.314
      811  0.000   0.997   1    1.308
      812  0.000   0.996   1    1.284
      813  0.000   0.996   1    1.257
      814  0.000   0.996   1    1.217
      815  0.000   0.995   1    1.190
      816  0.000   0.992   1    1.160
      817  0.000   0.970   1    1.139
      818  0.000   0.969   1    1.131
      819  0.000   0.969   1    1.134
      820  0.000   0.969   1    1.150
      821  0.000   0.969   1    1.162
      822  0.000   0.969   1    1.172
      823  0.000   0.969   1    1.173
      824  0.000   0.969   1    1.185
      825  0.000   0.965   1    1.175
      826  0.000   0.960   1    1.169
      827  0.000   0.958   1    1.163
      828  0.000   0.950   1    1.149
      829  0.000   0.950   1    1.143
      830  0.000   0.920   1    1.108
      831  0.000   0.914   1    1.081
      832  0.000   0.913   1    1.058
      833  0.000   0.913   1    1.042
      834  0.000   0.913   1    1.016
      835  0.000   0.913   1    1.006
      836  0.000   0.913   1    0.991
      837  0.000   0.912   1    0.976
      838  0.000   0.888   1    0.947
      839  0.000   0.888   1    0.933
      840  0.000   0.887   1    0.919
      841  0.000   0.887   1    0.920
      842  0.000   0.887   1    0.910
      843  0.000   0.887   1    0.893
      844  0.000   0.887   1    0.882
      845  0.000   0.887   1    0.886
      846  0.000   0.887   1    0.883
      847  0.000   0.887   1    0.877
      848  0.000   0.887   1    0.840
      849  0.000   0.887   1    0.786
      850  0.000   0.887   1    0.744
      851  0.000   0.887   1    0.697
      852  0.000   0.887   1    0.671
      853  0.000   0.887   1    0.654
      854  0.000   0.887   1    0.625
      855  0.000   0.887   1    0.596
      856  0.000   0.885   1    0.566
      857  0.000   0.885   1    0.535
      858  0.000   0.883   1    0.507
      859  0.000   0.883   1    0.484
      860  0.000   0.880   1    0.469
      861  0.000   0.878   1    0.449
      862  0.000   0.877   1    0.401
      863  0.000   0.877   1    0.360
      864  0.000   0.877   1    0.333
      865  0.000   0.877   1    0.326
      866  0.000   0.877   1    0.319
      867  0.000   0.877   1    0.306
      868  0.000   0.876   1    0.312
      869  0.000   0.876   1    0.312
      870  0.000   0.876   1    0.308
      871  0.000   0.876   1    0.311
      872  0.000   0.876   1    0.326
      873  0.000   0.876   1    0.323
      874  0.000   0.876   1    0.308
      875  0.000   0.873   1    0.279
      876  0.000   0.866   1    0.245
      877  0.000   0.636   0    0.205
      878  0.000   0.453   0    0.175
      879  0.000   0.337   0    0.125
      880  0.000   0.211   0    0.113
      881  0.000   0.209   0    0.102
      882  0.000   0.208   0    0.094
      883  0.000   0.207   0    0.090
      884  0.000   0.203   0    0.085
      885  0.000   0.203   0    0.092
      886  0.000   0.200   0    0.069
      887  0.000   0.191   0    0.044
      888  0.000   0.168   0    0.020
      889  0.000   0.165   0    0.014
      890  0.000   0.162   0    0.002
      891  0.000   0.161   0   -0.001
      892  0.000   0.161   0    0.002
      893  0.000   0.161   0    0.011
      894  0.000   0.157   0    0.026
      895  0.000   0.150   0    0.026
      896  0.000   0.146   0    0.008
      897  0.000   0.146   0    0.001
      898  0.000   0.146   0   -0.007
      899  0.000   0.146   0   -0.016
      900  0.000   0.145   0   -0.045
      901  0.000   0.144   0   -0.059
      902  0.000   0.144   0   -0.070
      903  0.000   0.143   0   -0.056
      904  0.000   0.143   0   -0.032
      905  0.000   0.143   0   -0.018
      906  0.000   0.143   0    0.009
      907  0.000   0.143   0    0.006
      908  0.000   0.090   0   -0.008
      909  0.000   0.062   0   -0.003
      910  0.000   0.047   0   -0.000
      911  0.000   0.047   0    0.013
      912  0.000   0.047   0    0.013
      913  0.000   0.047   0    0.024
      914  0.000   0.047   0    0.012
      915  0.000   0.047   0    0.006
      916  0.000   0.047   0    0.015
      917  0.000   0.047   0    0.037
      918  0.001   0.048   0    0.042
      919  0.027   0.074   0    0.034
      920  0.000   0.074   0    0.030
      921  0.000   0.073   0    0.022
      922  0.000   0.072   0    0.018
      923  0.000   0.068   0    0.014
      924  0.000   0.067   0    0.010
      925  0.000   0.065   0    0.016
      926  0.000   0.065   0    0.012
      927  0.000   0.065   0   -0.013
      928  0.000   0.065   0   -0.021
      929  0.000   0.065   0   -0.021
      930  0.000   0.065   0   -0.008
      931  0.002   0.068   0   -0.010
      932  0.000   0.068   0   -0.013
      933  0.000   0.067   0   -0.002
      934  0.000   0.066   0    0.036
      935  0.000   0.066   0    0.061
      936  0.000   0.066   0    0.090
      937  0.000   0.066   0    0.109
      938  0.000   0.066   0    0.123
      939  0.000   0.067   0    0.135
      940  0.000   0.067   0    0.141
      941  0.001   0.067   0    0.164
      942  0.002   0.042   0    0.176
      943  0.003   0.040   0    0.199
      944  0.000   0.040   0    0.193
      945  0.001   0.041   0    0.189
      946  0.000   0.041   0    0.195
      947  0.001   0.042   0    0.203
      948  0.013   0.055   0    0.178
      949  0.003   0.058   0    0.163
      950  0.000   0.059   0    0.157
      951  0.000   0.059   0    0.160
      952  0.000   0.059   0    0.154
      953  0.000   0.059   0    0.166
      954  0.002   0.061   0    0.184
      955  0.157   0.218   0    0.211
      956  0.255   0.473   1    0.234
      957  0.162   0.635   1    0.259
      958  0.056   0.690   1    0.283
      959  0.002   0.693   1    0.303
      960  0.032   0.724   1    0.320
      961  0.044   0.768   1    0.328
      962  0.015   0.783   1    0.350
      963  0.004   0.787   1    0.393
      964  0.017   0.805   1    0.425
      965  0.044   0.849   1    0.476
      966  0.151   1.000   1    0.505
      967  0.000   1.000   1    0.548
      968  0.000   1.000   1    0.567
      969  0.000   1.000   1    0.609
      970  0.000   1.000   1    0.626
      971  0.000   1.000   1    0.621
      972  0.000   1.000   1    0.609
      973  0.000   1.000   1    0.625
      974  0.000   1.000   1    0.651
      975  0.000   1.000   1    0.678
      976  0.000   1.000   1    0.703
      977  0.000   1.000   1    0.756
      978  0.000   1.000   1    0.792
      979  0.000   1.000   1    0.835
      980  0.000   1.000   1    0.866
      981  0.000   1.000   1    0.901
      982  0.000   1.000   1    0.939
      983  0.000   1.000   1    0.975
      984  0.000   1.000   1    0.998
      985  0.000   1.000   1    1.022
      986  0.000   1.000   1    1.065
      987  0.000   1.000   1    1.117
      988  0.000   1.000   1    1.156
      989  0.000   1.000   1    1.179
      990  0.000   1.000   1    1.199
      991  0.000   1.000   1    1.229
      992  0.000   1.000   1    1.242
      993  0.000   1.000   1    1.267
      994  0.000   1.000   1    1.294
      995  0.000   1.000   1    1.321
      996  0.000   1.000   1    1.333
      997  0.000   1.000   1    1.345
      998  0.000   1.000   1    1.349
      999  0.000   1.000   1    1.378
     1000  0.000   1.000   1    1.418
     1001  0.000   1.000   1    1.467
     1002  0.000   1.000   1    1.510
     1003  0.000   1.000   1    1.582
     1004  0.000   1.000   1    1.627
     1005  0.000   1.000   1    1.665
     1006  0.000   1.000   1    1.703
     1007  0.000   1.000   1    1.745
     1008  0.000   1.000   1    1.777
     1009  0.000   1.000   1    1.796
     1010  0.000   1.000   1    1.823
     1011  0.000   1.000   1    1.853
     1012  0.000   1.000   1    1.881
     1013  0.000   1.000   1    1.911
     1014  0.000   1.000   1    1.924
     1015  0.000   1.000   1    1.944
     1016  0.000   1.000   1    1.975
     1017  0.000   1.000   1    2.007
     1018  0.000   1.000   1    2.013
     1019  0.000   1.000   1    2.014
     1020  0.000   1.000   1    1.998
     1021  0.000   1.000   1    2.005
     1022  0.000   1.000   1    2.011
     1023  0.000   1.000   1    2.038
     1024  0.000   1.000   1    2.055
     1025  0.000   1.000   1    2.091
     1026  0.000   1.000   1    2.135
     1027  0.000   1.000   1    2.182
     1028  0.000   1.000   1    2.212
     1029  0.000   1.000   1    2.232
     1030  0.000   1.000   1    2.242
     1031  0.000   1.000   1    2.260
     1032  0.000   1.000   1    2.261
     1033  0.000   1.000   1    2.277
     1034  0.000   1.000   1    2.293
     1035  0.000   1.000   1    2.309
     1036  0.000   1.000   1    2.327
     1037  0.000   1.000   1    2.353
     1038  0.000   1.000   1    2.367
     1039  0.000   1.000   1    2.401
     1040  0.000   1.000   1    2.417
     1041  0.000   1.000   1    NA
     1042  0.000   1.000   1    NA
     1043  0.000   1.000   1    NA
     1044  0.000   1.000   1    NA
     1045  0.000   1.000   1    NA
     1046  0.000   1.000   1    NA
     1047  0.000   1.000   1    NA
     1048  0.000   1.000   1    NA
     1049  0.000   1.000   1    NA
     1050  0.000   1.000   1    NA
     1051  0.000   1.000   1    NA
     1052  0.000   1.000   1    NA
     1053  0.000   1.000   1    NA
     1054  0.000   1.000   1    NA
     1055  0.000   1.000   1    NA
     1056  0.000   1.000   1    NA
     1057  0.000   1.000   1    NA
     1058  0.000   1.000   1    NA
     1059  0.000   0.999   1    NA
     1060  0.000   0.999   1    NA
     1061  0.000   0.999   1    NA
     1062  0.000   0.999   1    NA
     1063  0.000   0.999   1    NA
     1064  0.000   0.999   1    NA
     1065  0.000   0.999   1    NA
     1066  0.000   0.972   1    NA
     1067  0.000   0.972   1    NA
     1068  0.000   0.972   1    NA
     1069  0.000   0.972   1    NA
     1070  0.000   0.972   1    NA
     1071  0.000   0.972   1    NA
     1072  0.000   0.972   1    NA
     1073  0.000   0.972   1    NA
     1074  0.000   0.972   1    NA
     1075  0.000   0.972   1    NA
     1076  0.000   0.971   1    NA
     1077  0.000   0.971   1    NA
     1078  0.000   0.969   1    NA
     1079  0.000   0.968   1    NA
     1080  0.000   0.968   1    NA
     1081  0.000   0.968   1    NA
     1082  0.000   0.968   1    NA
     1083  0.000   0.968   1    NA
     1084  0.000   0.967   1    NA
     1085  0.000   0.967   1    NA
     1086  0.000   0.967   1    NA
     1087  0.000   0.967   1    NA
     1088  0.000   0.966   1    NA
     1089  0.000   0.964   1    NA
     1090  0.000   0.961   1    NA
     1091  0.000   0.961   1    NA
     1092  0.000   0.959   1    NA
     1093  0.000   0.959   1    NA
     1094  0.000   0.958   1    NA
     1095  0.000   0.945   1    NA
     1096  0.000   0.942   1    NA
     1097  0.000   0.942   1    NA
     1098  0.000   0.942   1    NA
     1099  0.000   0.941   1    NA
     1100  0.000   0.941   1    NA
     1101  0.000   0.939   1    NA
     1102  0.000   0.782   1    NA
     1103  0.000   0.527   0    NA
     1104  0.000   0.365   0    NA
     1105  0.000   0.310   0    NA
     1106  0.000   0.307   0    NA
     1107  0.000   0.276   0    NA
     1108  0.000   0.232   0    NA
     1109  0.000   0.217   0    NA
     1110  0.000   0.213   0    NA
     1111  0.000   0.195   0    NA
     1112  0.000   0.151   0    NA
     1113  0.000   0.000   0    NA
