 Position  P-start Occup  N/L  Affinity
        1  0.000   0.000   0    NA
        2  0.000   0.000   0    NA
        3  0.000   0.001   0    NA
        4  0.000   0.001   0    NA
        5  0.000   0.001   0    NA
        6  0.000   0.001   0    NA
        7  0.001   0.003   0    NA
        8  0.001   0.003   0    NA
        9  0.000   0.004   0    NA
       10  0.000   0.004   0    NA
       11  0.000   0.004   0    NA
       12  0.000   0.004   0    NA
       13  0.001   0.005   0    NA
       14  0.000   0.005   0    NA
       15  0.001   0.006   0    NA
       16  0.000   0.006   0    NA
       17  0.000   0.006   0    NA
       18  0.000   0.006   0    NA
       19  0.002   0.008   0    NA
       20  0.003   0.011   0    NA
       21  0.002   0.014   0    NA
       22  0.001   0.015   0    NA
       23  0.000   0.015   0    NA
       24  0.001   0.016   0    NA
       25  0.001   0.017   0    NA
       26  0.000   0.017   0    NA
       27  0.000   0.017   0    NA
       28  0.000   0.017   0    NA
       29  0.000   0.017   0    NA
       30  0.000   0.017   0    NA
       31  0.000   0.017   0    NA
       32  0.001   0.019   0    NA
       33  0.007   0.025   0    NA
       34  0.002   0.027   0    NA
       35  0.000   0.028   0    NA
       36  0.000   0.028   0    NA
       37  0.000   0.028   0    NA
       38  0.276   0.304   0    NA
       39  0.087   0.391   0    NA
       40  0.014   0.405   0    NA
       41  0.002   0.407   0    NA
       42  0.043   0.449   0    NA
       43  0.043   0.492   0    NA
       44  0.001   0.493   0    NA
       45  0.000   0.493   0    NA
       46  0.000   0.494   0    NA
       47  0.001   0.494   0    NA
       48  0.000   0.494   0    NA
       49  0.000   0.494   0    NA
       50  0.000   0.495   0    NA
       51  0.029   0.524   0    NA
       52  0.000   0.524   0    NA
       53  0.000   0.524   0    NA
       54  0.001   0.525   0    NA
       55  0.002   0.528   0    NA
       56  0.026   0.554   0    NA
       57  0.009   0.563   0    NA
       58  0.000   0.563   0    NA
       59  0.000   0.563   0    NA
       60  0.000   0.563   0    NA
       61  0.000   0.563   0    NA
       62  0.000   0.563   0    NA
       63  0.000   0.564   0    NA
       64  0.000   0.564   0    NA
       65  0.000   0.564   0    NA
       66  0.000   0.564   0    NA
       67  0.000   0.564   0    NA
       68  0.000   0.565   0    NA
       69  0.000   0.565   0    NA
       70  0.002   0.567   0    NA
       71  0.000   0.568   0    NA
       72  0.000   0.568   0    NA
       73  0.000   0.568   0    NA
       74  0.000   0.568   0    1.141
       75  0.000   0.568   0    1.125
       76  0.000   0.568   0    1.120
       77  0.001   0.570   0    1.089
       78  0.000   0.570   0    1.109
       79  0.000   0.570   0    1.132
       80  0.000   0.571   0    1.149
       81  0.000   0.571   0    1.141
       82  0.004   0.575   0    1.120
       83  0.000   0.575   0    1.120
       84  0.030   0.605   0    1.155
       85  0.004   0.609   0    1.183
       86  0.000   0.609   0    1.206
       87  0.000   0.609   0    1.217
       88  0.000   0.610   0    1.244
       89  0.002   0.612   0    1.270
       90  0.277   0.889   1    1.277
       91  0.080   0.970   1    1.280
       92  0.027   0.997   1    1.280
       93  0.001   0.998   1    1.285
       94  0.000   0.998   1    1.281
       95  0.000   0.998   1    1.280
       96  0.000   0.998   1    1.284
       97  0.000   0.998   1    1.299
       98  0.000   0.998   1    1.297
       99  0.000   0.998   1    1.286
      100  0.000   0.998   1    1.291
      101  0.000   0.998   1    1.301
      102  0.000   0.999   1    1.325
      103  0.000   0.999   1    1.341
      104  0.000   0.999   1    1.346
      105  0.000   0.999   1    1.344
      106  0.000   0.999   1    1.340
      107  0.000   0.999   1    1.322
      108  0.000   0.999   1    1.312
      109  0.000   0.999   1    1.307
      110  0.000   0.999   1    1.313
      111  0.000   0.999   1    1.330
      112  0.000   0.999   1    1.348
      113  0.000   0.999   1    1.348
      114  0.000   0.999   1    1.340
      115  0.000   0.999   1    1.342
      116  0.000   0.999   1    1.346
      117  0.000   0.999   1    1.359
      118  0.000   0.999   1    1.361
      119  0.000   0.999   1    1.349
      120  0.000   0.999   1    1.328
      121  0.000   0.999   1    1.321
      122  0.000   0.999   1    1.317
      123  0.000   0.999   1    1.319
      124  0.000   0.999   1    1.320
      125  0.000   0.999   1    1.313
      126  0.000   0.999   1    1.308
      127  0.000   0.999   1    1.317
      128  0.000   0.999   1    1.339
      129  0.000   0.999   1    1.353
      130  0.000   0.999   1    1.380
      131  0.000   0.999   1    1.393
      132  0.000   0.999   1    1.417
      133  0.000   0.999   1    1.407
      134  0.000   0.999   1    1.396
      135  0.000   0.999   1    1.400
      136  0.000   0.999   1    1.431
      137  0.000   0.999   1    1.467
      138  0.000   0.999   1    1.483
      139  0.000   0.999   1    1.465
      140  0.000   0.999   1    1.440
      141  0.000   0.999   1    1.408
      142  0.000   0.999   1    1.384
      143  0.000   0.999   1    1.346
      144  0.000   0.999   1    1.316
      145  0.000   0.999   1    1.302
      146  0.000   0.999   1    1.289
      147  0.000   0.999   1    1.274
      148  0.000   0.999   1    1.258
      149  0.000   0.999   1    1.250
      150  0.000   0.998   1    1.243
      151  0.000   0.998   1    1.228
      152  0.000   0.998   1    1.212
      153  0.000   0.997   1    1.208
      154  0.000   0.996   1    1.215
      155  0.000   0.995   1    1.210
      156  0.000   0.995   1    1.191
      157  0.000   0.995   1    1.160
      158  0.000   0.995   1    1.124
      159  0.000   0.995   1    1.097
      160  0.000   0.994   1    1.087
      161  0.000   0.994   1    1.074
      162  0.000   0.993   1    1.073
      163  0.000   0.993   1    1.070
      164  0.000   0.993   1    1.064
      165  0.000   0.993   1    1.047
      166  0.000   0.991   1    1.025
      167  0.000   0.988   1    0.995
      168  0.000   0.986   1    0.983
      169  0.000   0.984   1    0.960
      170  0.000   0.984   1    0.934
      171  0.000   0.983   1    0.886
      172  0.000   0.982   1    0.852
      173  0.000   0.982   1    0.825
      174  0.000   0.982   1    0.813
      175  0.000   0.982   1    0.806
      176  0.000   0.982   1    0.781
      177  0.000   0.982   1    0.746
      178  0.000   0.982   1    0.701
      179  0.000   0.981   1    0.666
      180  0.000   0.974   1    0.642
      181  0.000   0.972   1    0.614
      182  0.000   0.972   1    0.584
      183  0.000   0.972   1    0.549
      184  0.000   0.972   1    0.526
      185  0.000   0.695   1    0.480
      186  0.001   0.609   1    0.438
      187  0.002   0.597   1    0.416
      188  0.000   0.596   1    0.396
      189  0.000   0.553   1    0.370
      190  0.000   0.511   1    0.315
      191  0.000   0.510   1    0.260
      192  0.000   0.509   1    0.209
      193  0.000   0.509   1    0.166
      194  0.000   0.509   1    0.133
      195  0.000   0.509   1    0.110
      196  0.000   0.509   1    0.107
      197  0.001   0.509   1    0.108
      198  0.001   0.481   1    0.101
      199  0.000   0.480   1    0.073
      200  0.000   0.480   1    0.043
      201  0.000   0.479   1    0.012
      202  0.000   0.477   1   -0.000
      203  0.000   0.451   1   -0.019
      204  0.000   0.442   1   -0.041
      205  0.000   0.441   1   -0.064
      206  0.000   0.441   1   -0.078
      207  0.000   0.441   1   -0.104
      208  0.000   0.441   1   -0.122
      209  0.000   0.441   1   -0.150
      210  0.000   0.441   1   -0.173
      211  0.000   0.441   1   -0.177
      212  0.000   0.441   1   -0.183
      213  0.000   0.440   1   -0.183
      214  0.000   0.440   1   -0.178
      215  0.000   0.440   1   -0.178
      216  0.000   0.440   1   -0.173
      217  0.000   0.437   1   -0.197
      218  0.000   0.437   1   -0.242
      219  0.000   0.437   1   -0.280
      220  0.000   0.437   1   -0.300
      221  0.000   0.437   1   -0.304
      222  0.000   0.437   1   -0.306
      223  0.000   0.436   1   -0.309
      224  0.000   0.435   1   -0.324
      225  0.000   0.435   1   -0.332
      226  0.000   0.434   1   -0.341
      227  0.000   0.434   1   -0.354
      228  0.000   0.434   1   -0.366
      229  0.000   0.430   1   -0.376
      230  0.000   0.430   1   -0.391
      231  0.000   0.400   1   -0.397
      232  0.000   0.396   1   -0.383
      233  0.000   0.395   1   -0.359
      234  0.000   0.395   1   -0.351
      235  0.000   0.395   1   -0.349
      236  0.000   0.392   1   -0.350
      237  0.000   0.115   0   -0.358
      238  0.000   0.035   0   -0.369
      239  0.000   0.007   0   -0.385
      240  0.000   0.006   0   -0.392
      241  0.000   0.006   0   -0.381
      242  0.000   0.006   0   -0.387
      243  0.000   0.006   0   -0.389
      244  0.000   0.006   0   -0.391
      245  0.000   0.006   0   -0.383
      246  0.000   0.006   0   -0.397
      247  0.000   0.006   0   -0.423
      248  0.000   0.006   0   -0.449
      249  0.000   0.006   0   -0.462
      250  0.000   0.006   0   -0.477
      251  0.000   0.006   0   -0.505
      252  0.000   0.006   0   -0.548
      253  0.000   0.006   0   -0.577
      254  0.000   0.006   0   -0.595
      255  0.000   0.006   0   -0.620
      256  0.000   0.006   0   -0.662
      257  0.000   0.006   0   -0.716
      258  0.000   0.006   0   -0.767
      259  0.000   0.006   0   -0.803
      260  0.000   0.006   0   -0.837
      261  0.000   0.006   0   -0.871
      262  0.000   0.006   0   -0.895
      263  0.000   0.006   0   -0.923
      264  0.000   0.006   0   -0.952
      265  0.000   0.006   0   -0.989
      266  0.000   0.006   0   -1.045
      267  0.000   0.006   0   -1.102
      268  0.000   0.006   0   -1.157
      269  0.000   0.006   0   -1.224
      270  0.000   0.007   0   -1.290
      271  0.000   0.007   0   -1.329
      272  0.000   0.007   0   -1.339
      273  0.000   0.007   0   -1.327
      274  0.000   0.007   0   -1.321
      275  0.000   0.007   0   -1.322
      276  0.000   0.007   0   -1.331
      277  0.000   0.007   0   -1.346
      278  0.000   0.007   0   -1.380
      279  0.000   0.007   0   -1.390
      280  0.003   0.010   0   -1.405
      281  0.001   0.011   0   -1.410
      282  0.000   0.011   0   -1.404
      283  0.000   0.011   0   -1.413
      284  0.000   0.011   0   -1.409
      285  0.000   0.011   0   -1.406
      286  0.000   0.011   0   -1.406
      287  0.000   0.011   0   -1.432
      288  0.011   0.022   0   -1.457
      289  0.003   0.025   0   -1.463
      290  0.003   0.028   0   -1.472
      291  0.001   0.029   0   -1.494
      292  0.003   0.032   0   -1.505
      293  0.004   0.036   0   -1.513
      294  0.000   0.036   0   -1.528
      295  0.001   0.037   0   -1.526
      296  0.018   0.055   0   -1.537
      297  0.001   0.056   0   -1.548
      298  0.000   0.056   0   -1.564
      299  0.000   0.056   0   -1.580
      300  0.000   0.056   0   -1.573
      301  0.000   0.056   0   -1.548
      302  0.000   0.056   0   -1.502
      303  0.000   0.056   0   -1.456
      304  0.000   0.056   0   -1.431
      305  0.000   0.056   0   -1.415
      306  0.000   0.056   0   -1.384
      307  0.000   0.056   0   -1.337
      308  0.000   0.056   0   -1.289
      309  0.000   0.056   0   -1.241
      310  0.000   0.056   0   -1.195
      311  0.000   0.056   0   -1.132
      312  0.000   0.056   0   -1.071
      313  0.000   0.056   0   -1.010
      314  0.000   0.056   0   -0.963
      315  0.000   0.056   0   -0.908
      316  0.000   0.056   0   -0.865
      317  0.000   0.056   0   -0.830
      318  0.000   0.056   0   -0.799
      319  0.000   0.056   0   -0.765
      320  0.000   0.056   0   -0.724
      321  0.000   0.056   0   -0.677
      322  0.000   0.056   0   -0.631
      323  0.000   0.056   0   -0.595
      324  0.000   0.056   0   -0.532
      325  0.000   0.056   0   -0.459
      326  0.000   0.056   0   -0.396
      327  0.000   0.056   0   -0.346
      328  0.000   0.056   0   -0.310
      329  0.000   0.056   0   -0.297
      330  0.000   0.056   0   -0.281
      331  0.000   0.056   0   -0.264
      332  0.000   0.056   0   -0.232
      333  0.000   0.054   0   -0.186
      334  0.000   0.052   0   -0.130
      335  0.000   0.052   0   -0.078
      336  0.000   0.052   0   -0.020
      337  0.000   0.052   0    0.020
      338  0.000   0.052   0    0.073
      339  0.000   0.052   0    0.113
      340  0.000   0.052   0    0.141
      341  0.000   0.052   0    0.173
      342  0.000   0.052   0    0.220
      343  0.000   0.052   0    0.258
      344  0.000   0.051   0    0.280
      345  0.000   0.050   0    0.300
      346  0.000   0.050   0    0.331
      347  0.000   0.050   0    0.350
      348  0.002   0.052   0    0.363
      349  0.003   0.055   0    0.375
      350  0.000   0.055   0    0.372
      351  0.000   0.055   0    0.358
      352  0.000   0.056   0    0.352
      353  0.001   0.056   0    0.351
      354  0.002   0.059   0    0.360
      355  0.034   0.093   0    0.340
      356  0.093   0.186   0    0.319
      357  0.078   0.263   0    0.295
      358  0.140   0.403   0    0.278
      359  0.022   0.425   0    0.260
      360  0.172   0.597   0    0.240
      361  0.014   0.612   0    0.202
      362  0.005   0.617   0    0.147
      363  0.086   0.703   0    0.082
      364  0.248   0.950   1    0.023
      365  0.007   0.957   1   -0.006
      366  0.000   0.958   1   -0.022
      367  0.000   0.958   1   -0.025
      368  0.000   0.958   1   -0.029
      369  0.002   0.960   1   -0.030
      370  0.003   0.963   1   -0.057
      371  0.001   0.964   1   -0.087
      372  0.004   0.968   1   -0.103
      373  0.000   0.969   1   -0.119
      374  0.000   0.969   1   -0.130
      375  0.000   0.969   1   -0.150
      376  0.000   0.969   1   -0.171
      377  0.000   0.969   1   -0.196
      378  0.000   0.969   1   -0.215
      379  0.000   0.969   1   -0.232
      380  0.000   0.969   1   -0.257
      381  0.001   0.970   1   -0.279
      382  0.002   0.972   1   -0.307
      383  0.001   0.973   1   -0.329
      384  0.000   0.973   1   -0.330
      385  0.000   0.973   1   -0.331
      386  0.005   0.978   1   -0.330
      387  0.011   0.989   1   -0.345
      388  0.000   0.989   1   -0.375
      389  0.000   0.989   1   -0.408
      390  0.000   0.989   1   -0.447
      391  0.000   0.989   1   -0.485
      392  0.003   0.992   1   -0.513
      393  0.003   0.995   1   -0.523
      394  0.000   0.995   1   -0.520
      395  0.000   0.995   1   -0.502
      396  0.000   0.995   1   -0.505
      397  0.000   0.995   1   -0.525
      398  0.000   0.995   1   -0.530
      399  0.000   0.995   1   -0.514
      400  0.000   0.995   1   -0.493
      401  0.000   0.995   1   -0.461
      402  0.000   0.995   1   -0.417
      403  0.000   0.995   1   -0.371
      404  0.000   0.995   1   -0.313
      405  0.000   0.995   1   -0.266
      406  0.000   0.995   1   -0.201
      407  0.000   0.995   1   -0.148
      408  0.000   0.995   1   -0.102
      409  0.000   0.995   1   -0.052
      410  0.000   0.995   1    0.014
      411  0.000   0.995   1    0.064
      412  0.000   0.995   1    0.099
      413  0.000   0.995   1    0.122
      414  0.000   0.995   1    0.155
      415  0.000   0.995   1    0.211
      416  0.000   0.995   1    0.271
      417  0.000   0.995   1    0.338
      418  0.000   0.995   1    0.415
      419  0.000   0.995   1    0.482
      420  0.000   0.995   1    0.525
      421  0.000   0.995   1    0.553
      422  0.000   0.995   1    0.576
      423  0.000   0.995   1    0.585
      424  0.000   0.995   1    0.594
      425  0.000   0.995   1    0.613
      426  0.000   0.994   1    0.639
      427  0.000   0.991   1    0.668
      428  0.000   0.991   1    0.709
      429  0.000   0.990   1    0.742
      430  0.000   0.990   1    0.766
      431  0.000   0.990   1    0.807
      432  0.000   0.990   1    0.870
      433  0.000   0.990   1    0.940
      434  0.000   0.990   1    0.961
      435  0.000   0.979   1    0.985
      436  0.000   0.976   1    0.991
      437  0.000   0.973   1    1.011
      438  0.000   0.972   1    1.044
      439  0.000   0.969   1    1.077
      440  0.000   0.965   1    1.091
      441  0.000   0.965   1    1.094
      442  0.000   0.965   1    1.100
      443  0.000   0.946   1    1.123
      444  0.000   0.945   1    1.128
      445  0.000   0.945   1    1.144
      446  0.000   0.945   1    1.149
      447  0.000   0.945   1    1.148
      448  0.000   0.945   1    1.112
      449  0.000   0.945   1    1.071
      450  0.000   0.945   1    1.031
      451  0.000   0.945   1    1.009
      452  0.000   0.945   1    0.992
      453  0.000   0.945   1    0.951
      454  0.000   0.945   1    0.916
      455  0.000   0.945   1    0.881
      456  0.000   0.945   1    0.840
      457  0.000   0.945   1    0.800
      458  0.000   0.946   1    0.754
      459  0.000   0.946   1    0.709
      460  0.000   0.946   1    0.654
      461  0.000   0.946   1    0.583
      462  0.000   0.946   1    0.529
      463  0.000   0.946   1    0.487
      464  0.000   0.946   1    0.435
      465  0.000   0.946   1    0.383
      466  0.000   0.947   1    0.330
      467  0.000   0.947   1    0.276
      468  0.000   0.947   1    0.232
      469  0.000   0.947   1    0.199
      470  0.000   0.947   1    0.150
      471  0.000   0.947   1    0.111
      472  0.000   0.947   1    0.064
      473  0.001   0.948   1   -0.006
      474  0.000   0.948   1   -0.071
      475  0.000   0.948   1   -0.128
      476  0.000   0.948   1   -0.171
      477  0.000   0.948   1   -0.225
      478  0.000   0.948   1   -0.269
      479  0.000   0.948   1   -0.311
      480  0.000   0.948   1   -0.354
      481  0.000   0.948   1   -0.403
      482  0.000   0.948   1   -0.453
      483  0.000   0.948   1   -0.504
      484  0.000   0.948   1   -0.547
      485  0.000   0.948   1   -0.575
      486  0.000   0.948   1   -0.627
      487  0.000   0.948   1   -0.698
      488  0.000   0.948   1   -0.773
      489  0.000   0.948   1   -0.813
      490  0.000   0.948   1   -0.849
      491  0.000   0.948   1   -0.873
      492  0.000   0.948   1   -0.901
      493  0.000   0.948   1   -0.937
      494  0.000   0.948   1   -0.979
      495  0.000   0.947   1   -1.021
      496  0.000   0.943   1   -1.062
      497  0.000   0.943   1   -1.089
      498  0.000   0.943   1   -1.104
      499  0.000   0.943   1   -1.108
      500  0.000   0.942   1   -1.116
      501  0.000   0.940   1   -1.121
      502  0.000   0.906   1   -1.133
      503  0.000   0.813   1   -1.113
      504  0.000   0.735   1   -1.098
      505  0.000   0.595   1   -1.096
      506  0.000   0.573   1   -1.117
      507  0.000   0.401   1   -1.138
      508  0.000   0.387   1   -1.133
      509  0.000   0.382   1   -1.125
      510  0.000   0.296   1   -1.111
      511  0.000   0.048   0   -1.098
      512  0.000   0.041   0   -1.084
      513  0.000   0.041   0   -1.074
      514  0.000   0.041   0   -1.066
      515  0.000   0.041   0   -1.040
      516  0.000   0.039   0   -1.015
      517  0.000   0.036   0   -0.997
      518  0.000   0.035   0   -0.978
      519  0.000   0.031   0   -0.954
      520  0.000   0.031   0   -0.946
      521  0.000   0.030   0   -0.921
      522  0.000   0.030   0   -0.901
      523  0.000   0.030   0   -0.893
      524  0.000   0.030   0   -0.900
      525  0.000   0.030   0   -0.899
      526  0.000   0.030   0   -0.900
      527  0.000   0.030   0   -0.895
      528  0.000   0.029   0   -0.872
      529  0.000   0.027   0   -0.843
      530  0.000   0.026   0   -0.828
      531  0.000   0.026   0   -0.827
      532  0.000   0.026   0   -0.814
      533  0.000   0.021   0   -0.794
      534  0.000   0.010   0   -0.772
      535  0.000   0.010   0   -0.753
      536  0.000   0.010   0   -0.728
      537  0.000   0.010   0   -0.709
      538  0.000   0.010   0   -0.700
      539  0.000   0.007   0   -0.700
      540  0.000   0.004   0   -0.695
      541  0.000   0.004   0   -0.675
      542  0.000   0.004   0   -0.641
      543  0.000   0.004   0   -0.611
      544  0.000   0.004   0   -0.590
      545  0.000   0.004   0   -0.599
      546  0.000   0.004   0   -0.613
      547  0.000   0.004   0   -0.634
      548  0.000   0.004   0   -0.664
      549  0.000   0.004   0   -0.691
      550  0.000   0.004   0   -0.698
      551  0.000   0.004   0   -0.699
      552  0.000   0.004   0   -0.696
      553  0.000   0.004   0   -0.698
      554  0.000   0.004   0   -0.708
      555  0.000   0.004   0   -0.722
      556  0.000   0.004   0   -0.741
      557  0.000   0.004   0   -0.753
      558  0.000   0.004   0   -0.782
      559  0.000   0.004   0   -0.808
      560  0.000   0.004   0   -0.818
      561  0.000   0.004   0   -0.798
      562  0.000   0.004   0   -0.772
      563  0.000   0.004   0   -0.761
      564  0.000   0.004   0   -0.781
      565  0.000   0.004   0   -0.812
      566  0.000   0.004   0   -0.856
      567  0.000   0.004   0   -0.909
      568  0.000   0.004   0   -0.944
      569  0.000   0.004   0   -0.985
      570  0.000   0.004   0   -1.024
      571  0.000   0.004   0   -1.052
      572  0.000   0.004   0   -1.080
      573  0.000   0.004   0   -1.122
      574  0.000   0.004   0   -1.175
      575  0.000   0.004   0   -1.219
      576  0.000   0.004   0   -1.271
      577  0.000   0.005   0   -1.310
      578  0.000   0.005   0   -1.350
      579  0.000   0.005   0   -1.383
      580  0.000   0.005   0   -1.396
      581  0.000   0.005   0   -1.411
      582  0.000   0.005   0   -1.417
      583  0.000   0.005   0   -1.448
      584  0.000   0.005   0   -1.479
      585  0.000   0.005   0   -1.515
      586  0.000   0.005   0   -1.546
      587  0.000   0.005   0   -1.582
      588  0.000   0.005   0   -1.593
      589  0.000   0.005   0   -1.608
      590  0.000   0.005   0   -1.618
      591  0.000   0.005   0   -1.636
      592  0.000   0.005   0   -1.648
      593  0.000   0.005   0   -1.648
      594  0.000   0.005   0   -1.643
      595  0.000   0.005   0   -1.647
      596  0.000   0.005   0   -1.643
      597  0.000   0.005   0   -1.648
      598  0.000   0.005   0   -1.648
      599  0.000   0.005   0   -1.658
      600  0.000   0.005   0   -1.670
      601  0.000   0.005   0   -1.669
      602  0.000   0.004   0   -1.657
      603  0.000   0.004   0   -1.631
      604  0.000   0.004   0   -1.598
      605  0.000   0.004   0   -1.569
      606  0.000   0.004   0   -1.539
      607  0.000   0.004   0   -1.528
      608  0.000   0.004   0   -1.546
      609  0.000   0.004   0   -1.578
      610  0.000   0.004   0   -1.600
      611  0.000   0.004   0   -1.604
      612  0.000   0.003   0   -1.591
      613  0.000   0.003   0   -1.578
      614  0.000   0.003   0   -1.568
      615  0.000   0.003   0   -1.583
      616  0.000   0.003   0   -1.600
      617  0.000   0.003   0   -1.620
      618  0.000   0.003   0   -1.639
      619  0.000   0.003   0   -1.650
      620  0.000   0.002   0   -1.668
      621  0.000   0.002   0   -1.665
      622  0.000   0.002   0   -1.648
      623  0.000   0.002   0   -1.621
      624  0.000   0.002   0   -1.595
      625  0.000   0.002   0   -1.572
      626  0.000   0.002   0   -1.563
      627  0.000   0.002   0   -1.553
      628  0.000   0.002   0   -1.547
      629  0.000   0.002   0   -1.541
      630  0.000   0.002   0   -1.539
      631  0.000   0.002   0   -1.541
      632  0.000   0.002   0   -1.526
      633  0.000   0.002   0   -1.501
      634  0.000   0.002   0   -1.478
      635  0.000   0.002   0   -1.467
      636  0.000   0.002   0   -1.479
      637  0.000   0.002   0   -1.490
      638  0.000   0.002   0   -1.470
      639  0.000   0.002   0   -1.450
      640  0.000   0.002   0   -1.423
      641  0.000   0.002   0   -1.398
      642  0.000   0.002   0   -1.373
      643  0.000   0.002   0   -1.366
      644  0.000   0.002   0   -1.364
      645  0.000   0.002   0   -1.359
      646  0.000   0.002   0   -1.359
      647  0.000   0.002   0   -1.382
      648  0.000   0.002   0   -1.421
      649  0.000   0.002   0   -1.453
      650  0.000   0.002   0   -1.471
      651  0.000   0.002   0   -1.491
      652  0.000   0.002   0   -1.500
      653  0.000   0.002   0   -1.518
      654  0.000   0.002   0   -1.535
      655  0.000   0.002   0   -1.523
      656  0.000   0.002   0   -1.513
      657  0.000   0.002   0   -1.499
      658  0.000   0.002   0   -1.514
      659  0.000   0.002   0   -1.527
      660  0.000   0.002   0   -1.524
      661  0.000   0.002   0   -1.513
      662  0.000   0.002   0   -1.513
      663  0.000   0.001   0   -1.513
      664  0.000   0.001   0   -1.493
      665  0.000   0.001   0   -1.465
      666  0.000   0.001   0   -1.454
      667  0.003   0.005   0   -1.451
      668  0.006   0.011   0   -1.437
      669  0.007   0.018   0   -1.428
      670  0.087   0.105   0   -1.423
      671  0.003   0.108   0   -1.434
      672  0.000   0.108   0   -1.440
      673  0.000   0.108   0   -1.440
      674  0.000   0.108   0   -1.417
      675  0.000   0.108   0   -1.384
      676  0.000   0.108   0   -1.360
      677  0.000   0.108   0   -1.346
      678  0.002   0.110   0   -1.356
      679  0.001   0.110   0   -1.364
      680  0.002   0.112   0   -1.382
      681  0.007   0.119   0   -1.386
      682  0.000   0.119   0   -1.385
      683  0.005   0.124   0   -1.375
      684  0.001   0.125   0   -1.353
      685  0.001   0.126   0   -1.324
      686  0.000   0.126   0   -1.291
      687  0.000   0.126   0   -1.289
      688  0.000   0.126   0   -1.285
      689  0.000   0.126   0   -1.287
      690  0.001   0.127   0   -1.302
      691  0.022   0.149   0   -1.293
      692  0.003   0.152   0   -1.286
      693  0.002   0.154   0   -1.274
      694  0.000   0.154   0   -1.256
      695  0.000   0.154   0   -1.237
      696  0.000   0.154   0   -1.217
      697  0.000   0.154   0   -1.194
      698  0.000   0.154   0   -1.172
      699  0.000   0.154   0   -1.151
      700  0.000   0.154   0   -1.130
      701  0.000   0.154   0   -1.096
      702  0.000   0.154   0   -1.041
      703  0.000   0.154   0   -0.986
      704  0.000   0.154   0   -0.940
      705  0.000   0.154   0   -0.894
      706  0.000   0.154   0   -0.858
      707  0.000   0.154   0   -0.849
      708  0.000   0.154   0   -0.830
      709  0.001   0.154   0   -0.794
      710  0.000   0.155   0   -0.771
      711  0.008   0.163   0   -0.738
      712  0.002   0.165   0   -0.715
      713  0.016   0.181   0   -0.659
      714  0.001   0.182   0   -0.607
      715  0.001   0.182   0   -0.576
      716  0.000   0.183   0   -0.541
      717  0.002   0.184   0   -0.499
      718  0.000   0.185   0   -0.456
      719  0.000   0.185   0   -0.430
      720  0.000   0.185   0   -0.420
      721  0.001   0.186   0   -0.398
      722  0.000   0.186   0   -0.372
      723  0.001   0.187   0   -0.363
      724  0.000   0.187   0   -0.328
      725  0.000   0.187   0   -0.278
      726  0.000   0.187   0   -0.218
      727  0.000   0.187   0   -0.158
      728  0.001   0.188   0   -0.114
      729  0.001   0.189   0   -0.080
      730  0.082   0.271   0   -0.045
      731  0.145   0.416   1   -0.017
      732  0.092   0.508   1    0.008
      733  0.092   0.600   1    0.032
      734  0.002   0.602   1    0.061
      735  0.001   0.604   1    0.107
      736  0.000   0.604   1    0.159
      737  0.006   0.610   1    0.206
      738  0.001   0.611   1    0.252
      739  0.057   0.667   1    0.295
      740  0.106   0.773   1    0.317
      741  0.098   0.872   1    0.333
      742  0.017   0.889   1    0.353
      743  0.003   0.892   1    0.375
      744  0.000   0.892   1    0.395
      745  0.000   0.892   1    0.426
      746  0.000   0.892   1    0.444
      747  0.003   0.895   1    0.475
      748  0.004   0.899   1    0.488
      749  0.003   0.901   1    0.493
      750  0.000   0.902   1    0.498
      751  0.000   0.902   1    0.504
      752  0.000   0.902   1    0.508
      753  0.000   0.902   1    0.504
      754  0.000   0.902   1    0.528
      755  0.000   0.902   1    0.556
      756  0.000   0.902   1    0.582
      757  0.000   0.902   1    0.603
      758  0.000   0.902   1    0.627
      759  0.000   0.902   1    0.665
      760  0.000   0.902   1    0.677
      761  0.003   0.905   1    0.691
      762  0.004   0.909   1    0.719
      763  0.001   0.911   1    0.754
      764  0.000   0.911   1    0.779
      765  0.000   0.911   1    0.799
      766  0.000   0.911   1    0.799
      767  0.000   0.911   1    0.806
      768  0.000   0.911   1    0.796
      769  0.000   0.910   1    0.792
      770  0.000   0.910   1    0.771
      771  0.000   0.910   1    0.735
      772  0.000   0.910   1    0.722
      773  0.000   0.911   1    0.721
      774  0.003   0.914   1    0.735
      775  0.003   0.917   1    0.760
      776  0.023   0.940   1    0.799
      777  0.001   0.941   1    0.829
      778  0.006   0.947   1    0.855
      779  0.000   0.947   1    0.860
      780  0.000   0.947   1    0.856
      781  0.000   0.947   1    0.849
      782  0.000   0.947   1    0.830
      783  0.000   0.947   1    0.839
      784  0.000   0.947   1    0.833
      785  0.000   0.947   1    0.844
      786  0.002   0.949   1    0.860
      787  0.001   0.950   1    0.885
      788  0.000   0.950   1    0.909
      789  0.000   0.950   1    0.921
      790  0.000   0.950   1    0.923
      791  0.000   0.950   1    0.911
      792  0.000   0.950   1    0.897
      793  0.000   0.950   1    0.894
      794  0.000   0.951   1    0.893
      795  0.034   0.985   1    0.912
      796  0.006   0.991   1    0.924
      797  0.000   0.991   1    0.942
      798  0.000   0.991   1    0.958
      799  0.000   0.991   1    0.987
      800  0.000   0.991   1    1.010
      801  0.000   0.991   1    1.033
      802  0.000   0.991   1    1.043
      803  0.000   0.991   1    1.053
      804  0.000   0.991   1    1.063
      805  0.000   0.991   1    1.073
      806  0.000   0.991   1    1.087
      807  0.000   0.991   1    1.118
      808  0.000   0.991   1    1.146
      809  0.000   0.991   1    1.152
      810  0.000   0.991   1    1.133
      811  0.000   0.991   1    1.120
      812  0.000   0.991   1    1.092
      813  0.000   0.991   1    1.057
      814  0.000   0.988   1    1.008
      815  0.000   0.981   1    0.980
      816  0.000   0.975   1    0.955
      817  0.000   0.887   1    0.940
      818  0.000   0.884   1    0.929
      819  0.000   0.884   1    0.927
      820  0.000   0.884   1    0.943
      821  0.000   0.884   1    0.959
      822  0.000   0.884   1    0.970
      823  0.000   0.884   1    0.976
      824  0.000   0.884   1    0.980
      825  0.000   0.883   1    0.973
      826  0.000   0.882   1    0.959
      827  0.000   0.881   1    0.937
      828  0.000   0.874   1    0.915
      829  0.000   0.873   1    0.907
      830  0.000   0.868   1    0.879
      831  0.000   0.867   1    0.857
      832  0.000   0.866   1    0.837
      833  0.000   0.866   1    0.823
      834  0.000   0.866   1    0.801
      835  0.000   0.866   1    0.792
      836  0.000   0.866   1    0.777
      837  0.000   0.865   1    0.766
      838  0.000   0.843   1    0.737
      839  0.000   0.840   1    0.719
      840  0.000   0.838   1    0.694
      841  0.000   0.838   1    0.687
      842  0.000   0.838   1    0.672
      843  0.000   0.838   1    0.650
      844  0.000   0.838   1    0.640
      845  0.000   0.838   1    0.644
      846  0.000   0.838   1    0.644
      847  0.000   0.838   1    0.638
      848  0.000   0.838   1    0.604
      849  0.000   0.838   1    0.553
      850  0.000   0.838   1    0.513
      851  0.000   0.838   1    0.475
      852  0.000   0.838   1    0.460
      853  0.000   0.838   1    0.449
      854  0.000   0.838   1    0.427
      855  0.000   0.838   1    0.407
      856  0.000   0.837   1    0.384
      857  0.000   0.837   1    0.361
      858  0.000   0.828   1    0.335
      859  0.000   0.827   1    0.320
      860  0.000   0.810   1    0.312
      861  0.000   0.810   1    0.301
      862  0.000   0.809   1    0.263
      863  0.000   0.809   1    0.229
      864  0.000   0.807   1    0.212
      865  0.000   0.807   1    0.214
      866  0.000   0.807   1    0.214
      867  0.000   0.807   1    0.204
      868  0.000   0.806   1    0.211
      869  0.000   0.805   1    0.215
      870  0.000   0.804   1    0.214
      871  0.000   0.804   1    0.215
      872  0.000   0.804   1    0.219
      873  0.000   0.804   1    0.206
      874  0.000   0.804   1    0.186
      875  0.000   0.803   1    0.151
      876  0.000   0.802   1    0.110
      877  0.000   0.720   1    0.064
      878  0.000   0.576   0    0.030
      879  0.000   0.483   0   -0.021
      880  0.000   0.391   0   -0.036
      881  0.000   0.389   0   -0.042
      882  0.000   0.388   0   -0.040
      883  0.000   0.388   0   -0.036
      884  0.000   0.382   0   -0.035
      885  0.000   0.381   0   -0.029
      886  0.000   0.324   0   -0.051
      887  0.000   0.218   0   -0.076
      888  0.000   0.120   0   -0.101
      889  0.000   0.103   0   -0.110
      890  0.000   0.100   0   -0.123
      891  0.000   0.100   0   -0.129
      892  0.000   0.100   0   -0.126
      893  0.000   0.099   0   -0.118
      894  0.000   0.096   0   -0.102
      895  0.000   0.093   0   -0.101
      896  0.000   0.090   0   -0.119
      897  0.000   0.090   0   -0.126
      898  0.000   0.090   0   -0.134
      899  0.000   0.090   0   -0.143
      900  0.000   0.090   0   -0.171
      901  0.000   0.090   0   -0.184
      902  0.000   0.090   0   -0.192
      903  0.000   0.089   0   -0.178
      904  0.000   0.089   0   -0.154
      905  0.000   0.090   0   -0.141
      906  0.000   0.090   0   -0.115
      907  0.000   0.090   0   -0.117
      908  0.000   0.086   0   -0.127
      909  0.000   0.082   0   -0.119
      910  0.000   0.081   0   -0.119
      911  0.000   0.081   0   -0.109
      912  0.000   0.081   0   -0.105
      913  0.000   0.081   0   -0.088
      914  0.000   0.081   0   -0.088
      915  0.000   0.081   0   -0.089
      916  0.000   0.081   0   -0.071
      917  0.000   0.081   0   -0.039
      918  0.000   0.081   0   -0.027
      919  0.004   0.085   0   -0.031
      920  0.000   0.085   0   -0.037
      921  0.000   0.082   0   -0.048
      922  0.000   0.079   0   -0.056
      923  0.000   0.056   0   -0.055
      924  0.000   0.055   0   -0.053
      925  0.000   0.049   0   -0.044
      926  0.000   0.049   0   -0.044
      927  0.000   0.049   0   -0.062
      928  0.000   0.049   0   -0.064
      929  0.000   0.049   0   -0.057
      930  0.000   0.049   0   -0.036
      931  0.002   0.051   0   -0.028
      932  0.000   0.051   0   -0.024
      933  0.001   0.050   0   -0.011
      934  0.000   0.049   0    0.027
      935  0.000   0.049   0    0.052
      936  0.000   0.049   0    0.084
      937  0.000   0.049   0    0.105
      938  0.000   0.049   0    0.121
      939  0.000   0.049   0    0.131
      940  0.000   0.049   0    0.124
      941  0.000   0.049   0    0.137
      942  0.000   0.016   0    0.150
      943  0.003   0.012   0    0.175
      944  0.000   0.012   0    0.176
      945  0.004   0.016   0    0.178
      946  0.000   0.016   0    0.191
      947  0.000   0.017   0    0.204
      948  0.004   0.021   0    0.186
      949  0.002   0.023   0    0.178
      950  0.000   0.023   0    0.178
      951  0.000   0.023   0    0.190
      952  0.000   0.023   0    0.192
      953  0.001   0.024   0    0.209
      954  0.004   0.028   0    0.230
      955  0.293   0.321   1    0.261
      956  0.223   0.543   1    0.285
      957  0.209   0.753   1    0.311
      958  0.051   0.804   1    0.335
      959  0.003   0.807   1    0.354
      960  0.017   0.824   1    0.372
      961  0.038   0.862   1    0.383
      962  0.018   0.879   1    0.407
      963  0.005   0.885   1    0.446
      964  0.020   0.905   1    0.473
      965  0.022   0.927   1    0.521
      966  0.073   1.000   1    0.549
      967  0.000   1.000   1    0.579
      968  0.000   1.000   1    0.589
      969  0.000   1.000   1    0.622
      970  0.000   1.000   1    0.641
      971  0.000   1.000   1    0.637
      972  0.000   1.000   1    0.620
      973  0.000   1.000   1    0.635
      974  0.000   1.000   1    0.662
      975  0.000   1.000   1    0.695
      976  0.000   1.000   1    0.724
      977  0.000   1.000   1    0.780
      978  0.000   1.000   1    0.815
      979  0.000   1.000   1    0.859
      980  0.000   1.000   1    0.890
      981  0.000   1.000   1    0.930
      982  0.000   1.000   1    0.968
      983  0.000   1.000   1    1.006
      984  0.000   1.000   1    1.025
      985  0.000   1.000   1    1.044
      986  0.000   1.000   1    1.074
      987  0.000   1.000   1    1.121
      988  0.000   1.000   1    1.156
      989  0.000   1.000   1    1.180
      990  0.000   1.000   1    1.201
      991  0.000   1.000   1    1.235
      992  0.000   1.000   1    1.251
      993  0.000   1.000   1    1.275
      994  0.000   1.000   1    1.303
      995  0.000   1.000   1    1.344
      996  0.000   1.000   1    1.369
      997  0.000   1.000   1    1.385
      998  0.000   1.000   1    1.394
      999  0.000   1.000   1    1.426
     1000  0.000   1.000   1    1.466
     1001  0.000   1.000   1    1.514
     1002  0.000   1.000   1    1.554
     1003  0.000   1.000   1    1.622
     1004  0.000   1.000   1    1.664
     1005  0.000   1.000   1    1.698
     1006  0.000   1.000   1    1.728
     1007  0.000   1.000   1    1.764
     1008  0.000   1.000   1    1.795
     1009  0.000   1.000   1    1.816
     1010  0.000   1.000   1    1.842
     1011  0.000   1.000   1    1.868
     1012  0.000   1.000   1    1.895
     1013  0.000   1.000   1    1.925
     1014  0.000   1.000   1    1.941
     1015  0.000   1.000   1    1.959
     1016  0.000   1.000   1    1.988
     1017  0.000   1.000   1    2.014
     1018  0.000   1.000   1    2.023
     1019  0.000   1.000   1    2.028
     1020  0.000   1.000   1    2.020
     1021  0.000   1.000   1    2.034
     1022  0.000   1.000   1    2.049
     1023  0.000   1.000   1    2.083
     1024  0.000   1.000   1    2.099
     1025  0.000   1.000   1    2.132
     1026  0.000   1.000   1    2.169
     1027  0.000   1.000   1    2.214
     1028  0.000   1.000   1    2.242
     1029  0.000   1.000   1    2.259
     1030  0.000   1.000   1    2.267
     1031  0.000   1.000   1    2.286
     1032  0.000   1.000   1    2.288
     1033  0.000   1.000   1    2.303
     1034  0.000   1.000   1    2.314
     1035  0.000   1.000   1    2.329
     1036  0.000   1.000   1    2.341
     1037  0.000   1.000   1    2.365
     1038  0.000   1.000   1    2.374
     1039  0.000   1.000   1    2.409
     1040  0.000   1.000   1    2.428
     1041  0.000   1.000   1    NA
     1042  0.000   1.000   1    NA
     1043  0.000   1.000   1    NA
     1044  0.000   1.000   1    NA
     1045  0.000   1.000   1    NA
     1046  0.000   1.000   1    NA
     1047  0.000   1.000   1    NA
     1048  0.000   1.000   1    NA
     1049  0.000   1.000   1    NA
     1050  0.000   1.000   1    NA
     1051  0.000   1.000   1    NA
     1052  0.000   1.000   1    NA
     1053  0.000   1.000   1    NA
     1054  0.000   1.000   1    NA
     1055  0.000   1.000   1    NA
     1056  0.000   1.000   1    NA
     1057  0.000   1.000   1    NA
     1058  0.000   1.000   1    NA
     1059  0.000   1.000   1    NA
     1060  0.000   1.000   1    NA
     1061  0.000   1.000   1    NA
     1062  0.000   1.000   1    NA
     1063  0.000   1.000   1    NA
     1064  0.000   1.000   1    NA
     1065  0.000   1.000   1    NA
     1066  0.000   0.995   1    NA
     1067  0.000   0.995   1    NA
     1068  0.000   0.995   1    NA
     1069  0.000   0.995   1    NA
     1070  0.000   0.995   1    NA
     1071  0.000   0.995   1    NA
     1072  0.000   0.995   1    NA
     1073  0.000   0.995   1    NA
     1074  0.000   0.995   1    NA
     1075  0.000   0.995   1    NA
     1076  0.000   0.995   1    NA
     1077  0.000   0.995   1    NA
     1078  0.000   0.993   1    NA
     1079  0.000   0.993   1    NA
     1080  0.000   0.992   1    NA
     1081  0.000   0.992   1    NA
     1082  0.000   0.992   1    NA
     1083  0.000   0.992   1    NA
     1084  0.000   0.991   1    NA
     1085  0.000   0.991   1    NA
     1086  0.000   0.991   1    NA
     1087  0.000   0.991   1    NA
     1088  0.000   0.991   1    NA
     1089  0.000   0.990   1    NA
     1090  0.000   0.988   1    NA
     1091  0.000   0.988   1    NA
     1092  0.000   0.984   1    NA
     1093  0.000   0.984   1    NA
     1094  0.000   0.983   1    NA
     1095  0.000   0.979   1    NA
     1096  0.000   0.977   1    NA
     1097  0.000   0.977   1    NA
     1098  0.000   0.977   1    NA
     1099  0.000   0.977   1    NA
     1100  0.000   0.976   1    NA
     1101  0.000   0.972   1    NA
     1102  0.000   0.679   0    NA
     1103  0.000   0.457   0    NA
     1104  0.000   0.247   0    NA
     1105  0.000   0.196   0    NA
     1106  0.000   0.193   0    NA
     1107  0.000   0.176   0    NA
     1108  0.000   0.138   0    NA
     1109  0.000   0.121   0    NA
     1110  0.000   0.115   0    NA
     1111  0.000   0.095   0    NA
     1112  0.000   0.073   0    NA
     1113  0.000   0.000   0    NA
