 Position  P-start Occup  N/L  Affinity
        1  0.000   0.000   0    NA
        2  0.000   0.000   0    NA
        3  0.000   0.001   0    NA
        4  0.000   0.001   0    NA
        5  0.000   0.001   0    NA
        6  0.000   0.001   0    NA
        7  0.001   0.003   0    NA
        8  0.001   0.003   0    NA
        9  0.000   0.003   0    NA
       10  0.000   0.003   0    NA
       11  0.000   0.003   0    NA
       12  0.000   0.003   0    NA
       13  0.001   0.005   0    NA
       14  0.000   0.005   0    NA
       15  0.001   0.005   0    NA
       16  0.000   0.005   0    NA
       17  0.000   0.006   0    NA
       18  0.000   0.006   0    NA
       19  0.002   0.008   0    NA
       20  0.003   0.011   0    NA
       21  0.002   0.013   0    NA
       22  0.001   0.014   0    NA
       23  0.000   0.014   0    NA
       24  0.001   0.015   0    NA
       25  0.001   0.016   0    NA
       26  0.000   0.016   0    NA
       27  0.000   0.016   0    NA
       28  0.000   0.016   0    NA
       29  0.000   0.016   0    NA
       30  0.000   0.016   0    NA
       31  0.000   0.016   0    NA
       32  0.001   0.018   0    NA
       33  0.006   0.024   0    NA
       34  0.002   0.026   0    NA
       35  0.000   0.026   0    NA
       36  0.000   0.026   0    NA
       37  0.000   0.026   0    NA
       38  0.265   0.291   1    NA
       39  0.084   0.375   1    NA
       40  0.013   0.388   1    NA
       41  0.001   0.390   1    NA
       42  0.041   0.431   1    NA
       43  0.041   0.471   1    NA
       44  0.001   0.472   1    NA
       45  0.000   0.473   1    NA
       46  0.000   0.473   1    NA
       47  0.001   0.474   1    NA
       48  0.000   0.474   1    NA
       49  0.000   0.474   1    NA
       50  0.000   0.474   1    NA
       51  0.028   0.502   1    NA
       52  0.000   0.502   1    NA
       53  0.000   0.502   1    NA
       54  0.001   0.503   1    NA
       55  0.002   0.506   1    NA
       56  0.025   0.531   1    NA
       57  0.009   0.539   1    NA
       58  0.000   0.540   1    NA
       59  0.000   0.540   1    NA
       60  0.000   0.540   1    NA
       61  0.000   0.540   1    NA
       62  0.000   0.540   1    NA
       63  0.000   0.540   1    NA
       64  0.000   0.540   1    NA
       65  0.000   0.540   1    NA
       66  0.000   0.541   1    NA
       67  0.000   0.541   1    NA
       68  0.000   0.541   1    NA
       69  0.000   0.541   1    NA
       70  0.002   0.544   1    NA
       71  0.000   0.544   1    NA
       72  0.000   0.544   1    NA
       73  0.000   0.544   1    NA
       74  0.000   0.544   1    1.148
       75  0.000   0.544   1    1.131
       76  0.000   0.545   1    1.127
       77  0.001   0.546   1    1.094
       78  0.000   0.546   1    1.115
       79  0.000   0.547   1    1.139
       80  0.000   0.547   1    1.157
       81  0.000   0.547   1    1.148
       82  0.004   0.551   1    1.127
       83  0.000   0.552   1    1.126
       84  0.031   0.582   1    1.163
       85  0.004   0.586   1    1.192
       86  0.000   0.587   1    1.217
       87  0.000   0.587   1    1.228
       88  0.000   0.587   1    1.257
       89  0.003   0.590   1    1.283
       90  0.293   0.883   1    1.291
       91  0.085   0.968   1    1.294
       92  0.029   0.997   1    1.294
       93  0.001   0.998   1    1.299
       94  0.000   0.999   1    1.295
       95  0.000   0.999   1    1.294
       96  0.000   0.999   1    1.298
       97  0.000   0.999   1    1.314
       98  0.000   0.999   1    1.312
       99  0.000   0.999   1    1.300
      100  0.000   0.999   1    1.306
      101  0.000   0.999   1    1.316
      102  0.000   0.999   1    1.342
      103  0.000   0.999   1    1.358
      104  0.000   0.999   1    1.363
      105  0.000   0.999   1    1.361
      106  0.000   0.999   1    1.358
      107  0.000   0.999   1    1.338
      108  0.000   0.999   1    1.327
      109  0.000   0.999   1    1.322
      110  0.000   0.999   1    1.329
      111  0.000   0.999   1    1.347
      112  0.000   0.999   1    1.365
      113  0.000   0.999   1    1.366
      114  0.000   0.999   1    1.357
      115  0.000   0.999   1    1.360
      116  0.000   0.999   1    1.364
      117  0.000   0.999   1    1.377
      118  0.000   0.999   1    1.379
      119  0.000   0.999   1    1.367
      120  0.000   0.999   1    1.344
      121  0.000   0.999   1    1.337
      122  0.000   0.999   1    1.333
      123  0.000   0.999   1    1.335
      124  0.000   0.999   1    1.336
      125  0.000   0.999   1    1.328
      126  0.000   0.999   1    1.324
      127  0.000   0.999   1    1.333
      128  0.000   0.999   1    1.356
      129  0.000   0.999   1    1.371
      130  0.000   0.999   1    1.399
      131  0.000   0.999   1    1.413
      132  0.000   0.999   1    1.438
      133  0.000   0.999   1    1.427
      134  0.000   0.999   1    1.416
      135  0.000   0.999   1    1.420
      136  0.000   0.999   1    1.453
      137  0.000   0.999   1    1.491
      138  0.000   0.999   1    1.507
      139  0.000   0.999   1    1.488
      140  0.000   0.999   1    1.462
      141  0.000   0.999   1    1.428
      142  0.000   0.999   1    1.403
      143  0.000   0.999   1    1.363
      144  0.000   0.999   1    1.331
      145  0.000   0.999   1    1.317
      146  0.000   0.999   1    1.304
      147  0.000   0.999   1    1.287
      148  0.000   0.999   1    1.271
      149  0.000   0.999   1    1.262
      150  0.000   0.998   1    1.255
      151  0.000   0.998   1    1.240
      152  0.000   0.998   1    1.222
      153  0.000   0.998   1    1.218
      154  0.000   0.996   1    1.226
      155  0.000   0.996   1    1.220
      156  0.000   0.996   1    1.201
      157  0.000   0.996   1    1.168
      158  0.000   0.996   1    1.130
      159  0.000   0.996   1    1.103
      160  0.000   0.994   1    1.091
      161  0.000   0.994   1    1.078
      162  0.000   0.993   1    1.077
      163  0.000   0.993   1    1.074
      164  0.000   0.993   1    1.068
      165  0.000   0.993   1    1.050
      166  0.000   0.991   1    1.027
      167  0.000   0.988   1    0.995
      168  0.000   0.986   1    0.982
      169  0.000   0.985   1    0.958
      170  0.000   0.985   1    0.931
      171  0.000   0.984   1    0.881
      172  0.000   0.983   1    0.845
      173  0.000   0.983   1    0.817
      174  0.000   0.983   1    0.804
      175  0.000   0.983   1    0.797
      176  0.000   0.983   1    0.771
      177  0.000   0.983   1    0.734
      178  0.000   0.983   1    0.687
      179  0.000   0.982   1    0.650
      180  0.000   0.976   1    0.624
      181  0.000   0.973   1    0.595
      182  0.000   0.973   1    0.564
      183  0.000   0.973   1    0.528
      184  0.000   0.973   1    0.503
      185  0.000   0.708   0    0.455
      186  0.001   0.625   0    0.410
      187  0.002   0.614   0    0.387
      188  0.000   0.612   0    0.367
      189  0.000   0.571   0    0.340
      190  0.000   0.531   0    0.282
      191  0.000   0.530   0    0.224
      192  0.000   0.529   0    0.171
      193  0.000   0.529   0    0.125
      194  0.000   0.528   0    0.091
      195  0.000   0.528   0    0.067
      196  0.000   0.529   0    0.064
      197  0.001   0.529   0    0.065
      198  0.000   0.501   0    0.058
      199  0.000   0.501   0    0.028
      200  0.000   0.501   0   -0.003
      201  0.000   0.500   0   -0.036
      202  0.000   0.498   0   -0.049
      203  0.000   0.473   0   -0.068
      204  0.000   0.464   0   -0.092
      205  0.000   0.463   0   -0.116
      206  0.000   0.463   0   -0.131
      207  0.000   0.463   0   -0.158
      208  0.000   0.463   0   -0.177
      209  0.000   0.463   0   -0.206
      210  0.000   0.463   0   -0.230
      211  0.000   0.463   0   -0.234
      212  0.000   0.463   0   -0.241
      213  0.000   0.463   0   -0.240
      214  0.000   0.462   0   -0.235
      215  0.000   0.462   0   -0.235
      216  0.000   0.462   0   -0.230
      217  0.000   0.460   0   -0.255
      218  0.000   0.459   0   -0.302
      219  0.000   0.459   0   -0.343
      220  0.000   0.459   0   -0.364
      221  0.000   0.459   0   -0.367
      222  0.000   0.459   0   -0.369
      223  0.000   0.458   0   -0.373
      224  0.000   0.457   0   -0.388
      225  0.000   0.457   0   -0.396
      226  0.000   0.457   0   -0.407
      227  0.000   0.456   0   -0.420
      228  0.000   0.456   0   -0.432
      229  0.000   0.452   0   -0.443
      230  0.000   0.452   0   -0.458
      231  0.000   0.421   0   -0.465
      232  0.000   0.417   0   -0.450
      233  0.000   0.416   0   -0.425
      234  0.000   0.416   0   -0.417
      235  0.000   0.416   0   -0.415
      236  0.000   0.414   0   -0.416
      237  0.000   0.120   0   -0.424
      238  0.000   0.035   0   -0.436
      239  0.000   0.006   0   -0.453
      240  0.000   0.005   0   -0.460
      241  0.000   0.005   0   -0.449
      242  0.000   0.005   0   -0.454
      243  0.000   0.005   0   -0.456
      244  0.000   0.005   0   -0.458
      245  0.000   0.005   0   -0.450
      246  0.000   0.005   0   -0.465
      247  0.000   0.005   0   -0.492
      248  0.000   0.005   0   -0.519
      249  0.000   0.005   0   -0.533
      250  0.000   0.005   0   -0.549
      251  0.000   0.005   0   -0.578
      252  0.000   0.005   0   -0.623
      253  0.000   0.005   0   -0.654
      254  0.000   0.005   0   -0.673
      255  0.000   0.005   0   -0.698
      256  0.000   0.005   0   -0.743
      257  0.001   0.006   0   -0.800
      258  0.000   0.006   0   -0.848
      259  0.000   0.006   0   -0.882
      260  0.000   0.006   0   -0.922
      261  0.000   0.006   0   -0.958
      262  0.001   0.007   0   -0.984
      263  0.000   0.008   0   -1.015
      264  0.000   0.008   0   -1.045
      265  0.000   0.008   0   -1.080
      266  0.000   0.008   0   -1.137
      267  0.000   0.008   0   -1.200
      268  0.000   0.008   0   -1.261
      269  0.001   0.009   0   -1.333
      270  0.000   0.009   0   -1.404
      271  0.000   0.009   0   -1.446
      272  0.000   0.009   0   -1.458
      273  0.000   0.009   0   -1.447
      274  0.000   0.009   0   -1.441
      275  0.000   0.009   0   -1.442
      276  0.000   0.009   0   -1.450
      277  0.000   0.009   0   -1.465
      278  0.000   0.009   0   -1.501
      279  0.004   0.012   0   -1.512
      280  0.022   0.034   0   -1.529
      281  0.010   0.044   0   -1.536
      282  0.002   0.047   0   -1.531
      283  0.000   0.047   0   -1.541
      284  0.000   0.047   0   -1.535
      285  0.000   0.047   0   -1.533
      286  0.000   0.047   0   -1.534
      287  0.002   0.048   0   -1.564
      288  0.064   0.112   0   -1.594
      289  0.027   0.140   0   -1.605
      290  0.035   0.174   0   -1.616
      291  0.008   0.182   0   -1.635
      292  0.042   0.224   0   -1.643
      293  0.028   0.252   0   -1.649
      294  0.002   0.254   0   -1.663
      295  0.004   0.258   0   -1.660
      296  0.015   0.273   0   -1.671
      297  0.003   0.276   0   -1.684
      298  0.000   0.276   0   -1.702
      299  0.000   0.276   0   -1.720
      300  0.000   0.276   0   -1.714
      301  0.000   0.276   0   -1.688
      302  0.000   0.276   0   -1.639
      303  0.000   0.276   0   -1.590
      304  0.000   0.276   0   -1.564
      305  0.000   0.276   0   -1.546
      306  0.000   0.276   0   -1.513
      307  0.000   0.276   0   -1.463
      308  0.000   0.276   0   -1.413
      309  0.000   0.276   0   -1.363
      310  0.000   0.276   0   -1.317
      311  0.000   0.276   0   -1.251
      312  0.000   0.276   0   -1.186
      313  0.000   0.276   0   -1.126
      314  0.000   0.276   0   -1.081
      315  0.000   0.276   0   -1.019
      316  0.000   0.276   0   -0.975
      317  0.000   0.276   0   -0.937
      318  0.000   0.276   0   -0.906
      319  0.000   0.276   0   -0.873
      320  0.000   0.276   0   -0.836
      321  0.000   0.276   0   -0.789
      322  0.000   0.276   0   -0.738
      323  0.000   0.276   0   -0.693
      324  0.000   0.276   0   -0.624
      325  0.000   0.276   0   -0.544
      326  0.000   0.276   0   -0.477
      327  0.000   0.276   0   -0.420
      328  0.000   0.276   0   -0.378
      329  0.000   0.276   0   -0.362
      330  0.000   0.276   0   -0.344
      331  0.000   0.276   0   -0.326
      332  0.000   0.276   0   -0.293
      333  0.000   0.275   0   -0.243
      334  0.000   0.273   0   -0.185
      335  0.000   0.273   0   -0.127
      336  0.000   0.273   0   -0.062
      337  0.000   0.273   0   -0.018
      338  0.000   0.273   0    0.041
      339  0.000   0.273   0    0.081
      340  0.000   0.273   0    0.113
      341  0.000   0.273   0    0.149
      342  0.000   0.273   0    0.193
      343  0.000   0.273   0    0.234
      344  0.000   0.272   0    0.261
      345  0.000   0.272   0    0.286
      346  0.000   0.272   0    0.317
      347  0.000   0.272   0    0.334
      348  0.000   0.272   0    0.344
      349  0.001   0.273   0    0.354
      350  0.000   0.273   0    0.346
      351  0.000   0.273   0    0.328
      352  0.001   0.274   0    0.318
      353  0.005   0.279   0    0.318
      354  0.079   0.358   0    0.328
      355  0.042   0.400   0    0.315
      356  0.036   0.436   0    0.299
      357  0.008   0.444   0    0.281
      358  0.015   0.459   0    0.264
      359  0.014   0.472   0    0.246
      360  0.211   0.684   1    0.223
      361  0.022   0.706   1    0.181
      362  0.012   0.718   1    0.119
      363  0.104   0.822   1    0.050
      364  0.106   0.927   1   -0.013
      365  0.008   0.935   1   -0.041
      366  0.001   0.936   1   -0.056
      367  0.000   0.936   1   -0.060
      368  0.000   0.936   1   -0.068
      369  0.001   0.937   1   -0.071
      370  0.002   0.938   1   -0.102
      371  0.001   0.939   1   -0.135
      372  0.002   0.941   1   -0.156
      373  0.000   0.941   1   -0.173
      374  0.000   0.941   1   -0.180
      375  0.000   0.941   1   -0.199
      376  0.000   0.941   1   -0.223
      377  0.000   0.942   1   -0.254
      378  0.000   0.942   1   -0.280
      379  0.000   0.942   1   -0.299
      380  0.000   0.942   1   -0.326
      381  0.000   0.942   1   -0.355
      382  0.002   0.944   1   -0.392
      383  0.001   0.945   1   -0.425
      384  0.000   0.945   1   -0.426
      385  0.001   0.946   1   -0.430
      386  0.004   0.950   1   -0.429
      387  0.009   0.959   1   -0.448
      388  0.000   0.959   1   -0.478
      389  0.000   0.960   1   -0.509
      390  0.000   0.960   1   -0.551
      391  0.000   0.960   1   -0.595
      392  0.003   0.962   1   -0.637
      393  0.002   0.964   1   -0.661
      394  0.000   0.965   1   -0.672
      395  0.000   0.965   1   -0.667
      396  0.000   0.965   1   -0.683
      397  0.000   0.965   1   -0.700
      398  0.000   0.965   1   -0.703
      399  0.000   0.965   1   -0.686
      400  0.000   0.965   1   -0.660
      401  0.000   0.965   1   -0.633
      402  0.000   0.965   1   -0.598
      403  0.000   0.964   1   -0.565
      404  0.000   0.963   1   -0.516
      405  0.000   0.963   1   -0.469
      406  0.000   0.963   1   -0.400
      407  0.000   0.963   1   -0.342
      408  0.000   0.963   1   -0.297
      409  0.000   0.962   1   -0.250
      410  0.000   0.961   1   -0.197
      411  0.000   0.961   1   -0.157
      412  0.000   0.961   1   -0.132
      413  0.000   0.961   1   -0.117
      414  0.000   0.961   1   -0.095
      415  0.000   0.961   1   -0.046
      416  0.000   0.960   1    0.009
      417  0.000   0.960   1    0.075
      418  0.000   0.960   1    0.148
      419  0.000   0.960   1    0.213
      420  0.000   0.960   1    0.246
      421  0.000   0.960   1    0.266
      422  0.000   0.960   1    0.281
      423  0.000   0.960   1    0.290
      424  0.000   0.960   1    0.297
      425  0.000   0.960   1    0.314
      426  0.000   0.957   1    0.338
      427  0.000   0.935   1    0.365
      428  0.000   0.925   1    0.403
      429  0.000   0.922   1    0.431
      430  0.000   0.922   1    0.454
      431  0.000   0.922   1    0.494
      432  0.000   0.922   1    0.558
      433  0.000   0.922   1    0.627
      434  0.000   0.921   1    0.643
      435  0.000   0.857   1    0.662
      436  0.000   0.829   1    0.666
      437  0.000   0.795   1    0.686
      438  0.000   0.787   1    0.722
      439  0.000   0.745   1    0.746
      440  0.000   0.717   1    0.755
      441  0.000   0.715   1    0.751
      442  0.000   0.711   1    0.760
      443  0.000   0.696   1    0.779
      444  0.000   0.693   1    0.774
      445  0.000   0.693   1    0.780
      446  0.000   0.693   1    0.782
      447  0.000   0.693   1    0.786
      448  0.000   0.693   1    0.758
      449  0.000   0.693   1    0.726
      450  0.000   0.693   1    0.696
      451  0.000   0.693   1    0.681
      452  0.000   0.693   1    0.662
      453  0.000   0.693   1    0.613
      454  0.000   0.693   1    0.569
      455  0.000   0.693   1    0.520
      456  0.000   0.693   1    0.473
      457  0.000   0.693   1    0.433
      458  0.001   0.694   1    0.395
      459  0.000   0.694   1    0.357
      460  0.000   0.694   1    0.303
      461  0.000   0.694   1    0.238
      462  0.000   0.694   1    0.186
      463  0.000   0.695   1    0.144
      464  0.002   0.697   1    0.088
      465  0.004   0.701   1    0.040
      466  0.010   0.711   1   -0.010
      467  0.002   0.713   1   -0.065
      468  0.001   0.714   1   -0.102
      469  0.001   0.715   1   -0.126
      470  0.000   0.715   1   -0.167
      471  0.000   0.715   1   -0.200
      472  0.001   0.716   1   -0.243
      473  0.004   0.719   1   -0.308
      474  0.000   0.719   1   -0.374
      475  0.000   0.720   1   -0.428
      476  0.000   0.720   1   -0.474
      477  0.000   0.720   1   -0.530
      478  0.000   0.720   1   -0.578
      479  0.000   0.720   1   -0.616
      480  0.000   0.720   1   -0.658
      481  0.000   0.720   1   -0.708
      482  0.000   0.720   1   -0.760
      483  0.000   0.720   1   -0.810
      484  0.000   0.720   1   -0.856
      485  0.000   0.720   1   -0.888
      486  0.000   0.720   1   -0.943
      487  0.000   0.720   1   -1.013
      488  0.000   0.720   1   -1.087
      489  0.000   0.720   1   -1.122
      490  0.000   0.720   1   -1.157
      491  0.000   0.720   1   -1.175
      492  0.000   0.720   1   -1.202
      493  0.000   0.720   1   -1.234
      494  0.000   0.720   1   -1.271
      495  0.000   0.719   1   -1.305
      496  0.000   0.719   1   -1.340
      497  0.000   0.719   1   -1.369
      498  0.000   0.719   1   -1.385
      499  0.000   0.718   1   -1.382
      500  0.000   0.713   1   -1.378
      501  0.000   0.634   1   -1.371
      502  0.000   0.592   1   -1.380
      503  0.000   0.556   1   -1.358
      504  0.000   0.548   1   -1.343
      505  0.000   0.533   1   -1.341
      506  0.000   0.519   1   -1.362
      507  0.001   0.309   0   -1.381
      508  0.000   0.287   0   -1.372
      509  0.000   0.275   0   -1.357
      510  0.000   0.171   0   -1.332
      511  0.000   0.065   0   -1.308
      512  0.000   0.057   0   -1.283
      513  0.000   0.056   0   -1.260
      514  0.000   0.056   0   -1.242
      515  0.001   0.057   0   -1.210
      516  0.003   0.059   0   -1.190
      517  0.001   0.059   0   -1.174
      518  0.000   0.058   0   -1.156
      519  0.000   0.057   0   -1.125
      520  0.000   0.056   0   -1.111
      521  0.000   0.056   0   -1.086
      522  0.000   0.056   0   -1.060
      523  0.000   0.056   0   -1.056
      524  0.000   0.056   0   -1.055
      525  0.000   0.056   0   -1.050
      526  0.000   0.056   0   -1.046
      527  0.000   0.056   0   -1.036
      528  0.000   0.056   0   -1.005
      529  0.000   0.053   0   -0.961
      530  0.000   0.052   0   -0.931
      531  0.000   0.052   0   -0.911
      532  0.000   0.052   0   -0.882
      533  0.000   0.048   0   -0.849
      534  0.000   0.038   0   -0.825
      535  0.000   0.038   0   -0.802
      536  0.000   0.038   0   -0.773
      537  0.000   0.038   0   -0.742
      538  0.000   0.038   0   -0.724
      539  0.000   0.035   0   -0.712
      540  0.000   0.033   0   -0.700
      541  0.000   0.033   0   -0.674
      542  0.000   0.033   0   -0.632
      543  0.000   0.033   0   -0.592
      544  0.000   0.033   0   -0.562
      545  0.000   0.033   0   -0.562
      546  0.000   0.033   0   -0.567
      547  0.000   0.033   0   -0.578
      548  0.000   0.033   0   -0.596
      549  0.000   0.033   0   -0.618
      550  0.000   0.033   0   -0.622
      551  0.000   0.033   0   -0.620
      552  0.000   0.033   0   -0.610
      553  0.000   0.033   0   -0.603
      554  0.000   0.033   0   -0.607
      555  0.000   0.033   0   -0.617
      556  0.000   0.033   0   -0.637
      557  0.000   0.034   0   -0.643
      558  0.002   0.036   0   -0.667
      559  0.006   0.042   0   -0.688
      560  0.000   0.042   0   -0.695
      561  0.000   0.042   0   -0.666
      562  0.000   0.042   0   -0.627
      563  0.000   0.042   0   -0.602
      564  0.000   0.042   0   -0.614
      565  0.000   0.042   0   -0.646
      566  0.000   0.043   0   -0.686
      567  0.001   0.043   0   -0.741
      568  0.000   0.043   0   -0.777
      569  0.000   0.043   0   -0.818
      570  0.000   0.043   0   -0.856
      571  0.000   0.043   0   -0.878
      572  0.000   0.043   0   -0.904
      573  0.000   0.043   0   -0.944
      574  0.000   0.043   0   -0.998
      575  0.000   0.043   0   -1.043
      576  0.000   0.043   0   -1.090
      577  0.000   0.044   0   -1.126
      578  0.000   0.044   0   -1.159
      579  0.000   0.044   0   -1.191
      580  0.000   0.044   0   -1.201
      581  0.000   0.044   0   -1.212
      582  0.000   0.044   0   -1.215
      583  0.000   0.044   0   -1.241
      584  0.000   0.044   0   -1.276
      585  0.000   0.044   0   -1.315
      586  0.000   0.044   0   -1.357
      587  0.000   0.044   0   -1.399
      588  0.000   0.044   0   -1.414
      589  0.000   0.044   0   -1.425
      590  0.000   0.044   0   -1.426
      591  0.000   0.044   0   -1.432
      592  0.000   0.044   0   -1.440
      593  0.000   0.044   0   -1.438
      594  0.000   0.044   0   -1.428
      595  0.000   0.044   0   -1.425
      596  0.000   0.044   0   -1.411
      597  0.000   0.044   0   -1.412
      598  0.000   0.044   0   -1.410
      599  0.000   0.044   0   -1.421
      600  0.000   0.044   0   -1.435
      601  0.000   0.044   0   -1.437
      602  0.000   0.043   0   -1.433
      603  0.000   0.043   0   -1.408
      604  0.000   0.043   0   -1.368
      605  0.000   0.042   0   -1.330
      606  0.000   0.042   0   -1.299
      607  0.000   0.042   0   -1.287
      608  0.000   0.042   0   -1.308
      609  0.000   0.042   0   -1.334
      610  0.000   0.042   0   -1.347
      611  0.000   0.040   0   -1.346
      612  0.000   0.036   0   -1.330
      613  0.000   0.025   0   -1.311
      614  0.000   0.023   0   -1.294
      615  0.000   0.023   0   -1.303
      616  0.000   0.022   0   -1.322
      617  0.000   0.022   0   -1.347
      618  0.000   0.022   0   -1.373
      619  0.000   0.021   0   -1.391
      620  0.000   0.018   0   -1.410
      621  0.000   0.018   0   -1.410
      622  0.000   0.017   0   -1.390
      623  0.000   0.017   0   -1.363
      624  0.000   0.017   0   -1.338
      625  0.000   0.017   0   -1.317
      626  0.000   0.017   0   -1.304
      627  0.000   0.017   0   -1.285
      628  0.000   0.017   0   -1.276
      629  0.000   0.017   0   -1.263
      630  0.000   0.017   0   -1.261
      631  0.000   0.017   0   -1.256
      632  0.000   0.017   0   -1.239
      633  0.000   0.017   0   -1.207
      634  0.000   0.017   0   -1.177
      635  0.000   0.017   0   -1.159
      636  0.000   0.017   0   -1.170
      637  0.000   0.017   0   -1.184
      638  0.000   0.017   0   -1.167
      639  0.000   0.017   0   -1.152
      640  0.000   0.017   0   -1.128
      641  0.000   0.017   0   -1.099
      642  0.000   0.017   0   -1.069
      643  0.000   0.017   0   -1.054
      644  0.000   0.017   0   -1.048
      645  0.000   0.017   0   -1.042
      646  0.000   0.017   0   -1.046
      647  0.000   0.017   0   -1.072
      648  0.000   0.017   0   -1.114
      649  0.000   0.017   0   -1.154
      650  0.000   0.017   0   -1.180
      651  0.000   0.017   0   -1.210
      652  0.000   0.017   0   -1.223
      653  0.000   0.017   0   -1.246
      654  0.000   0.017   0   -1.261
      655  0.000   0.017   0   -1.243
      656  0.000   0.017   0   -1.224
      657  0.000   0.017   0   -1.208
      658  0.000   0.017   0   -1.232
      659  0.000   0.017   0   -1.258
      660  0.000   0.017   0   -1.267
      661  0.000   0.017   0   -1.258
      662  0.000   0.016   0   -1.259
      663  0.000   0.013   0   -1.258
      664  0.000   0.012   0   -1.248
      665  0.000   0.012   0   -1.234
      666  0.000   0.012   0   -1.232
      667  0.000   0.012   0   -1.235
      668  0.001   0.013   0   -1.231
      669  0.002   0.015   0   -1.238
      670  0.030   0.046   0   -1.252
      671  0.001   0.046   0   -1.272
      672  0.000   0.046   0   -1.285
      673  0.000   0.046   0   -1.284
      674  0.000   0.046   0   -1.260
      675  0.000   0.046   0   -1.227
      676  0.000   0.047   0   -1.203
      677  0.000   0.047   0   -1.190
      678  0.002   0.048   0   -1.204
      679  0.003   0.051   0   -1.215
      680  0.001   0.052   0   -1.232
      681  0.006   0.058   0   -1.242
      682  0.001   0.059   0   -1.246
      683  0.071   0.130   0   -1.242
      684  0.021   0.151   0   -1.220
      685  0.002   0.153   0   -1.186
      686  0.000   0.153   0   -1.157
      687  0.000   0.153   0   -1.150
      688  0.000   0.153   0   -1.160
      689  0.000   0.153   0   -1.168
      690  0.001   0.155   0   -1.196
      691  0.016   0.171   0   -1.186
      692  0.031   0.203   0   -1.180
      693  0.004   0.207   0   -1.173
      694  0.000   0.207   0   -1.160
      695  0.000   0.207   0   -1.142
      696  0.000   0.207   0   -1.123
      697  0.000   0.206   0   -1.103
      698  0.000   0.206   0   -1.097
      699  0.000   0.206   0   -1.089
      700  0.000   0.206   0   -1.084
      701  0.000   0.206   0   -1.062
      702  0.000   0.206   0   -1.012
      703  0.000   0.206   0   -0.963
      704  0.000   0.206   0   -0.919
      705  0.000   0.203   0   -0.878
      706  0.000   0.197   0   -0.847
      707  0.000   0.197   0   -0.845
      708  0.001   0.198   0   -0.831
      709  0.040   0.239   0   -0.802
      710  0.005   0.243   0   -0.789
      711  0.007   0.250   0   -0.770
      712  0.000   0.251   0   -0.753
      713  0.007   0.258   0   -0.705
      714  0.002   0.260   0   -0.662
      715  0.004   0.263   0   -0.637
      716  0.002   0.266   0   -0.609
      717  0.003   0.269   0   -0.579
      718  0.000   0.269   0   -0.548
      719  0.000   0.269   0   -0.524
      720  0.000   0.269   0   -0.506
      721  0.002   0.271   0   -0.474
      722  0.002   0.273   0   -0.444
      723  0.000   0.273   0   -0.435
      724  0.000   0.273   0   -0.395
      725  0.000   0.273   0   -0.331
      726  0.000   0.273   0   -0.271
      727  0.000   0.273   0   -0.210
      728  0.001   0.273   0   -0.169
      729  0.001   0.275   0   -0.128
      730  0.114   0.389   0   -0.088
      731  0.190   0.578   1   -0.060
      732  0.107   0.685   1   -0.044
      733  0.095   0.781   1   -0.026
      734  0.001   0.782   1   -0.003
      735  0.001   0.783   1    0.040
      736  0.001   0.784   1    0.090
      737  0.004   0.789   1    0.138
      738  0.000   0.789   1    0.186
      739  0.001   0.790   1    0.223
      740  0.003   0.792   1    0.234
      741  0.013   0.806   1    0.242
      742  0.001   0.807   1    0.243
      743  0.001   0.808   1    0.257
      744  0.000   0.808   1    0.255
      745  0.000   0.808   1    0.266
      746  0.000   0.808   1    0.260
      747  0.007   0.815   1    0.286
      748  0.010   0.825   1    0.303
      749  0.003   0.828   1    0.315
      750  0.000   0.828   1    0.321
      751  0.000   0.829   1    0.320
      752  0.000   0.829   1    0.314
      753  0.001   0.829   1    0.311
      754  0.008   0.837   1    0.347
      755  0.001   0.838   1    0.395
      756  0.000   0.838   1    0.435
      757  0.000   0.839   1    0.457
      758  0.000   0.839   1    0.478
      759  0.000   0.839   1    0.511
      760  0.000   0.839   1    0.531
      761  0.031   0.870   1    0.554
      762  0.018   0.887   1    0.593
      763  0.010   0.898   1    0.631
      764  0.000   0.898   1    0.650
      765  0.000   0.898   1    0.667
      766  0.000   0.898   1    0.667
      767  0.000   0.898   1    0.679
      768  0.000   0.898   1    0.682
      769  0.000   0.898   1    0.678
      770  0.000   0.898   1    0.661
      771  0.000   0.898   1    0.620
      772  0.000   0.899   1    0.607
      773  0.001   0.899   1    0.603
      774  0.003   0.902   1    0.617
      775  0.001   0.903   1    0.632
      776  0.006   0.909   1    0.660
      777  0.000   0.909   1    0.684
      778  0.004   0.913   1    0.711
      779  0.000   0.913   1    0.717
      780  0.000   0.913   1    0.705
      781  0.000   0.913   1    0.698
      782  0.000   0.913   1    0.686
      783  0.000   0.913   1    0.691
      784  0.000   0.913   1    0.667
      785  0.001   0.914   1    0.652
      786  0.006   0.920   1    0.650
      787  0.008   0.928   1    0.671
      788  0.000   0.928   1    0.687
      789  0.001   0.929   1    0.697
      790  0.000   0.929   1    0.691
      791  0.000   0.929   1    0.675
      792  0.000   0.929   1    0.658
      793  0.000   0.929   1    0.658
      794  0.000   0.929   1    0.662
      795  0.044   0.973   1    0.682
      796  0.010   0.983   1    0.700
      797  0.000   0.983   1    0.730
      798  0.000   0.983   1    0.760
      799  0.000   0.983   1    0.809
      800  0.000   0.983   1    0.862
      801  0.000   0.983   1    0.906
      802  0.000   0.983   1    0.920
      803  0.000   0.983   1    0.932
      804  0.000   0.983   1    0.939
      805  0.000   0.983   1    0.950
      806  0.000   0.983   1    0.975
      807  0.000   0.983   1    1.020
      808  0.000   0.983   1    1.056
      809  0.000   0.983   1    1.058
      810  0.000   0.983   1    1.034
      811  0.000   0.983   1    1.021
      812  0.000   0.983   1    1.001
      813  0.000   0.983   1    0.982
      814  0.000   0.983   1    0.949
      815  0.000   0.982   1    0.927
      816  0.000   0.979   1    0.899
      817  0.000   0.949   1    0.877
      818  0.000   0.949   1    0.866
      819  0.000   0.948   1    0.866
      820  0.000   0.948   1    0.879
      821  0.000   0.948   1    0.886
      822  0.000   0.948   1    0.891
      823  0.000   0.948   1    0.886
      824  0.000   0.948   1    0.895
      825  0.000   0.947   1    0.886
      826  0.000   0.944   1    0.887
      827  0.000   0.943   1    0.885
      828  0.000   0.937   1    0.883
      829  0.000   0.936   1    0.882
      830  0.000   0.865   1    0.857
      831  0.000   0.844   1    0.840
      832  0.000   0.842   1    0.824
      833  0.000   0.842   1    0.816
      834  0.000   0.842   1    0.796
      835  0.000   0.842   1    0.793
      836  0.000   0.841   1    0.781
      837  0.000   0.840   1    0.768
      838  0.000   0.824   1    0.744
      839  0.000   0.792   1    0.738
      840  0.000   0.788   1    0.732
      841  0.000   0.788   1    0.739
      842  0.000   0.788   1    0.733
      843  0.000   0.788   1    0.723
      844  0.000   0.788   1    0.720
      845  0.000   0.788   1    0.730
      846  0.000   0.788   1    0.733
      847  0.000   0.788   1    0.729
      848  0.000   0.788   1    0.696
      849  0.000   0.788   1    0.646
      850  0.000   0.788   1    0.609
      851  0.000   0.788   1    0.563
      852  0.000   0.788   1    0.538
      853  0.000   0.788   1    0.522
      854  0.000   0.788   1    0.495
      855  0.000   0.787   1    0.463
      856  0.000   0.747   1    0.436
      857  0.000   0.742   1    0.412
      858  0.000   0.735   1    0.383
      859  0.000   0.734   1    0.369
      860  0.000   0.727   1    0.361
      861  0.000   0.725   1    0.349
      862  0.000   0.721   1    0.310
      863  0.000   0.719   1    0.278
      864  0.000   0.716   1    0.256
      865  0.000   0.716   1    0.249
      866  0.000   0.715   1    0.244
      867  0.000   0.715   1    0.227
      868  0.000   0.714   1    0.228
      869  0.000   0.712   1    0.227
      870  0.000   0.711   1    0.224
      871  0.000   0.711   1    0.227
      872  0.000   0.711   1    0.234
      873  0.000   0.711   1    0.223
      874  0.000   0.711   1    0.201
      875  0.000   0.710   1    0.172
      876  0.000   0.709   1    0.140
      877  0.000   0.595   1    0.106
      878  0.000   0.406   0    0.082
      879  0.000   0.299   0    0.042
      880  0.000   0.203   0    0.037
      881  0.000   0.202   0    0.031
      882  0.000   0.201   0    0.022
      883  0.000   0.199   0    0.018
      884  0.000   0.195   0    0.015
      885  0.000   0.195   0    0.024
      886  0.000   0.194   0    0.004
      887  0.000   0.191   0   -0.020
      888  0.000   0.178   0   -0.044
      889  0.000   0.177   0   -0.048
      890  0.000   0.176   0   -0.058
      891  0.000   0.176   0   -0.057
      892  0.000   0.176   0   -0.052
      893  0.000   0.176   0   -0.041
      894  0.000   0.168   0   -0.023
      895  0.000   0.159   0   -0.020
      896  0.000   0.156   0   -0.032
      897  0.000   0.155   0   -0.034
      898  0.000   0.155   0   -0.036
      899  0.000   0.155   0   -0.040
      900  0.000   0.155   0   -0.065
      901  0.000   0.146   0   -0.076
      902  0.000   0.146   0   -0.083
      903  0.000   0.146   0   -0.067
      904  0.000   0.145   0   -0.042
      905  0.000   0.145   0   -0.025
      906  0.000   0.145   0    0.007
      907  0.000   0.145   0    0.009
      908  0.000   0.114   0   -0.000
      909  0.000   0.096   0    0.018
      910  0.000   0.086   0    0.025
      911  0.000   0.086   0    0.041
      912  0.000   0.085   0    0.053
      913  0.000   0.085   0    0.070
      914  0.000   0.085   0    0.068
      915  0.000   0.085   0    0.063
      916  0.000   0.085   0    0.084
      917  0.000   0.085   0    0.121
      918  0.000   0.086   0    0.136
      919  0.004   0.090   0    0.140
      920  0.000   0.089   0    0.145
      921  0.000   0.086   0    0.147
      922  0.000   0.085   0    0.147
      923  0.000   0.079   0    0.148
      924  0.000   0.079   0    0.150
      925  0.000   0.076   0    0.158
      926  0.000   0.076   0    0.162
      927  0.000   0.076   0    0.149
      928  0.000   0.076   0    0.158
      929  0.000   0.076   0    0.177
      930  0.000   0.075   0    0.204
      931  0.002   0.078   0    0.216
      932  0.000   0.077   0    0.217
      933  0.001   0.072   0    0.231
      934  0.000   0.064   0    0.266
      935  0.000   0.064   0    0.288
      936  0.000   0.064   0    0.319
      937  0.000   0.064   0    0.345
      938  0.000   0.064   0    0.368
      939  0.000   0.064   0    0.384
      940  0.000   0.064   0    0.395
      941  0.000   0.064   0    0.420
      942  0.001   0.020   0    0.432
      943  0.002   0.013   0    0.454
      944  0.000   0.013   0    0.452
      945  0.003   0.016   0    0.453
      946  0.000   0.016   0    0.463
      947  0.001   0.017   0    0.476
      948  0.009   0.026   0    0.453
      949  0.003   0.029   0    0.446
      950  0.000   0.030   0    0.445
      951  0.000   0.030   0    0.459
      952  0.000   0.030   0    0.459
      953  0.002   0.031   0    0.476
      954  0.007   0.038   0    0.493
      955  0.310   0.349   1    0.521
      956  0.271   0.619   1    0.544
      957  0.136   0.756   1    0.570
      958  0.029   0.784   1    0.596
      959  0.001   0.785   1    0.615
      960  0.007   0.792   1    0.635
      961  0.024   0.817   1    0.647
      962  0.011   0.828   1    0.675
      963  0.005   0.832   1    0.720
      964  0.017   0.849   1    0.746
      965  0.014   0.863   1    0.791
      966  0.137   1.000   1    0.816
      967  0.000   1.000   1    0.843
      968  0.000   1.000   1    0.853
      969  0.000   1.000   1    0.894
      970  0.000   1.000   1    0.917
      971  0.000   1.000   1    0.909
      972  0.000   1.000   1    0.886
      973  0.000   1.000   1    0.891
      974  0.000   1.000   1    0.912
      975  0.000   1.000   1    0.935
      976  0.000   1.000   1    0.957
      977  0.000   1.000   1    1.011
      978  0.000   1.000   1    1.046
      979  0.000   1.000   1    1.090
      980  0.000   1.000   1    1.120
      981  0.000   1.000   1    1.155
      982  0.000   1.000   1    1.190
      983  0.000   1.000   1    1.223
      984  0.000   1.000   1    1.237
      985  0.000   1.000   1    1.253
      986  0.000   1.000   1    1.284
      987  0.000   1.000   1    1.330
      988  0.000   1.000   1    1.367
      989  0.000   1.000   1    1.391
      990  0.000   1.000   1    1.415
      991  0.000   1.000   1    1.448
      992  0.000   1.000   1    1.463
      993  0.000   1.000   1    1.490
      994  0.000   1.000   1    1.515
      995  0.000   1.000   1    1.541
      996  0.000   1.000   1    1.554
      997  0.000   1.000   1    1.572
      998  0.000   1.000   1    1.583
      999  0.000   1.000   1    1.618
     1000  0.000   1.000   1    1.663
     1001  0.000   1.000   1    1.714
     1002  0.000   1.000   1    1.756
     1003  0.000   1.000   1    1.828
     1004  0.000   1.000   1    1.868
     1005  0.000   1.000   1    1.902
     1006  0.000   1.000   1    1.928
     1007  0.000   1.000   1    1.964
     1008  0.000   1.000   1    1.994
     1009  0.000   1.000   1    2.019
     1010  0.000   1.000   1    2.050
     1011  0.000   1.000   1    2.077
     1012  0.000   1.000   1    2.108
     1013  0.000   1.000   1    2.142
     1014  0.000   1.000   1    2.158
     1015  0.000   1.000   1    2.177
     1016  0.000   1.000   1    2.207
     1017  0.000   1.000   1    2.234
     1018  0.000   1.000   1    2.242
     1019  0.000   1.000   1    2.244
     1020  0.000   1.000   1    2.235
     1021  0.000   1.000   1    2.251
     1022  0.000   1.000   1    2.267
     1023  0.000   1.000   1    2.303
     1024  0.000   1.000   1    2.319
     1025  0.000   1.000   1    2.352
     1026  0.000   1.000   1    2.392
     1027  0.000   1.000   1    2.440
     1028  0.000   1.000   1    2.476
     1029  0.000   1.000   1    2.497
     1030  0.000   1.000   1    2.509
     1031  0.000   1.000   1    2.528
     1032  0.000   1.000   1    2.528
     1033  0.000   1.000   1    2.543
     1034  0.000   1.000   1    2.554
     1035  0.000   1.000   1    2.570
     1036  0.000   1.000   1    2.585
     1037  0.000   1.000   1    2.611
     1038  0.000   1.000   1    2.620
     1039  0.000   1.000   1    2.658
     1040  0.000   1.000   1    2.680
     1041  0.000   1.000   1    NA
     1042  0.000   1.000   1    NA
     1043  0.000   1.000   1    NA
     1044  0.000   1.000   1    NA
     1045  0.000   1.000   1    NA
     1046  0.000   1.000   1    NA
     1047  0.000   1.000   1    NA
     1048  0.000   1.000   1    NA
     1049  0.000   1.000   1    NA
     1050  0.000   1.000   1    NA
     1051  0.000   1.000   1    NA
     1052  0.000   1.000   1    NA
     1053  0.000   1.000   1    NA
     1054  0.000   1.000   1    NA
     1055  0.000   1.000   1    NA
     1056  0.000   1.000   1    NA
     1057  0.000   1.000   1    NA
     1058  0.000   1.000   1    NA
     1059  0.000   1.000   1    NA
     1060  0.000   1.000   1    NA
     1061  0.000   1.000   1    NA
     1062  0.000   1.000   1    NA
     1063  0.000   1.000   1    NA
     1064  0.000   1.000   1    NA
     1065  0.000   0.999   1    NA
     1066  0.000   0.995   1    NA
     1067  0.000   0.995   1    NA
     1068  0.000   0.995   1    NA
     1069  0.000   0.995   1    NA
     1070  0.000   0.995   1    NA
     1071  0.000   0.995   1    NA
     1072  0.000   0.995   1    NA
     1073  0.000   0.995   1    NA
     1074  0.000   0.995   1    NA
     1075  0.000   0.995   1    NA
     1076  0.000   0.995   1    NA
     1077  0.000   0.995   1    NA
     1078  0.000   0.992   1    NA
     1079  0.000   0.992   1    NA
     1080  0.000   0.992   1    NA
     1081  0.000   0.991   1    NA
     1082  0.000   0.991   1    NA
     1083  0.000   0.991   1    NA
     1084  0.000   0.991   1    NA
     1085  0.000   0.991   1    NA
     1086  0.000   0.991   1    NA
     1087  0.000   0.991   1    NA
     1088  0.000   0.990   1    NA
     1089  0.000   0.990   1    NA
     1090  0.000   0.988   1    NA
     1091  0.000   0.987   1    NA
     1092  0.000   0.984   1    NA
     1093  0.000   0.984   1    NA
     1094  0.000   0.983   1    NA
     1095  0.000   0.974   1    NA
     1096  0.000   0.971   1    NA
     1097  0.000   0.970   1    NA
     1098  0.000   0.970   1    NA
     1099  0.000   0.970   1    NA
     1100  0.000   0.969   1    NA
     1101  0.000   0.962   1    NA
     1102  0.000   0.652   0    NA
     1103  0.000   0.381   0    NA
     1104  0.000   0.244   0    NA
     1105  0.000   0.216   0    NA
     1106  0.000   0.215   0    NA
     1107  0.000   0.208   0    NA
     1108  0.000   0.183   0    NA
     1109  0.000   0.172   0    NA
     1110  0.000   0.168   0    NA
     1111  0.000   0.151   0    NA
     1112  0.000   0.137   0    NA
     1113  0.000   0.000   0    NA
