 Position  P-start Occup  N/L  Affinity
        1  0.000   0.000   0    NA
        2  0.000   0.000   0    NA
        3  0.000   0.000   0    NA
        4  0.000   0.001   0    NA
        5  0.000   0.001   0    NA
        6  0.000   0.001   0    NA
        7  0.001   0.002   0    NA
        8  0.001   0.003   0    NA
        9  0.000   0.003   0    NA
       10  0.000   0.003   0    NA
       11  0.000   0.003   0    NA
       12  0.000   0.003   0    NA
       13  0.001   0.004   0    NA
       14  0.000   0.004   0    NA
       15  0.001   0.005   0    NA
       16  0.000   0.005   0    NA
       17  0.000   0.005   0    NA
       18  0.000   0.005   0    NA
       19  0.002   0.007   0    NA
       20  0.003   0.010   0    NA
       21  0.002   0.012   0    NA
       22  0.001   0.013   0    NA
       23  0.000   0.013   0    NA
       24  0.001   0.014   0    NA
       25  0.001   0.015   0    NA
       26  0.000   0.015   0    NA
       27  0.000   0.015   0    NA
       28  0.000   0.015   0    NA
       29  0.000   0.015   0    NA
       30  0.000   0.015   0    NA
       31  0.000   0.015   0    NA
       32  0.001   0.016   0    NA
       33  0.006   0.022   0    NA
       34  0.002   0.024   0    NA
       35  0.000   0.024   0    NA
       36  0.000   0.024   0    NA
       37  0.000   0.024   0    NA
       38  0.250   0.274   0    NA
       39  0.079   0.353   0    NA
       40  0.012   0.366   0    NA
       41  0.001   0.367   0    NA
       42  0.039   0.406   0    NA
       43  0.039   0.444   0    NA
       44  0.001   0.445   0    NA
       45  0.000   0.446   0    NA
       46  0.000   0.446   0    NA
       47  0.001   0.446   0    NA
       48  0.000   0.446   0    NA
       49  0.000   0.446   0    NA
       50  0.000   0.447   0    NA
       51  0.026   0.473   0    NA
       52  0.000   0.473   0    NA
       53  0.000   0.473   0    NA
       54  0.001   0.474   0    NA
       55  0.002   0.476   0    NA
       56  0.024   0.500   0    NA
       57  0.008   0.509   0    NA
       58  0.000   0.509   0    NA
       59  0.000   0.509   0    NA
       60  0.000   0.509   0    NA
       61  0.000   0.509   0    NA
       62  0.000   0.509   0    NA
       63  0.000   0.509   0    NA
       64  0.000   0.509   0    NA
       65  0.000   0.509   0    NA
       66  0.000   0.510   0    NA
       67  0.000   0.510   0    NA
       68  0.000   0.510   0    NA
       69  0.000   0.511   0    NA
       70  0.002   0.513   0    NA
       71  0.000   0.513   0    NA
       72  0.000   0.513   0    NA
       73  0.000   0.513   0    NA
       74  0.000   0.513   0    1.168
       75  0.000   0.513   0    1.152
       76  0.000   0.514   0    1.147
       77  0.001   0.515   0    1.114
       78  0.000   0.515   0    1.135
       79  0.000   0.516   0    1.159
       80  0.000   0.516   0    1.177
       81  0.000   0.516   0    1.168
       82  0.004   0.520   0    1.147
       83  0.000   0.521   0    1.147
       84  0.032   0.552   0    1.183
       85  0.004   0.557   0    1.212
       86  0.001   0.557   0    1.236
       87  0.000   0.557   0    1.247
       88  0.000   0.558   0    1.276
       89  0.003   0.560   0    1.302
       90  0.314   0.874   1    1.310
       91  0.091   0.966   1    1.312
       92  0.031   0.997   1    1.312
       93  0.001   0.999   1    1.318
       94  0.000   0.999   1    1.314
       95  0.000   0.999   1    1.312
       96  0.000   0.999   1    1.317
       97  0.000   0.999   1    1.333
       98  0.000   0.999   1    1.330
       99  0.000   0.999   1    1.319
      100  0.000   0.999   1    1.324
      101  0.000   0.999   1    1.335
      102  0.000   0.999   1    1.360
      103  0.000   0.999   1    1.376
      104  0.000   0.999   1    1.381
      105  0.000   0.999   1    1.379
      106  0.000   0.999   1    1.376
      107  0.000   0.999   1    1.357
      108  0.000   0.999   1    1.346
      109  0.000   0.999   1    1.341
      110  0.000   0.999   1    1.347
      111  0.000   0.999   1    1.365
      112  0.000   0.999   1    1.383
      113  0.000   0.999   1    1.384
      114  0.000   0.999   1    1.375
      115  0.000   0.999   1    1.378
      116  0.000   0.999   1    1.382
      117  0.000   0.999   1    1.395
      118  0.000   0.999   1    1.397
      119  0.000   0.999   1    1.385
      120  0.000   0.999   1    1.362
      121  0.000   0.999   1    1.355
      122  0.000   0.999   1    1.351
      123  0.000   0.999   1    1.354
      124  0.000   0.999   1    1.354
      125  0.000   0.999   1    1.347
      126  0.000   0.999   1    1.342
      127  0.000   0.999   1    1.351
      128  0.000   0.999   1    1.374
      129  0.000   0.999   1    1.389
      130  0.000   0.999   1    1.417
      131  0.000   0.999   1    1.431
      132  0.000   0.999   1    1.456
      133  0.000   0.999   1    1.445
      134  0.000   0.999   1    1.434
      135  0.000   0.999   1    1.438
      136  0.000   0.999   1    1.470
      137  0.000   0.999   1    1.507
      138  0.000   0.999   1    1.524
      139  0.000   0.999   1    1.505
      140  0.000   0.999   1    1.480
      141  0.000   0.999   1    1.446
      142  0.000   0.999   1    1.421
      143  0.000   0.999   1    1.381
      144  0.000   0.999   1    1.350
      145  0.000   0.999   1    1.335
      146  0.000   0.999   1    1.323
      147  0.000   0.999   1    1.306
      148  0.000   0.999   1    1.290
      149  0.000   0.999   1    1.281
      150  0.000   0.999   1    1.274
      151  0.000   0.998   1    1.259
      152  0.000   0.998   1    1.242
      153  0.000   0.998   1    1.238
      154  0.000   0.997   1    1.246
      155  0.000   0.996   1    1.240
      156  0.000   0.996   1    1.220
      157  0.000   0.996   1    1.188
      158  0.000   0.996   1    1.150
      159  0.000   0.996   1    1.123
      160  0.000   0.995   1    1.112
      161  0.000   0.995   1    1.099
      162  0.000   0.994   1    1.097
      163  0.000   0.994   1    1.095
      164  0.000   0.994   1    1.088
      165  0.000   0.994   1    1.071
      166  0.000   0.992   1    1.048
      167  0.000   0.990   1    1.016
      168  0.000   0.988   1    1.004
      169  0.000   0.987   1    0.980
      170  0.000   0.986   1    0.953
      171  0.000   0.986   1    0.903
      172  0.000   0.985   1    0.868
      173  0.000   0.985   1    0.840
      174  0.000   0.985   1    0.827
      175  0.000   0.985   1    0.820
      176  0.000   0.985   1    0.794
      177  0.000   0.985   1    0.758
      178  0.000   0.985   1    0.711
      179  0.000   0.983   1    0.674
      180  0.000   0.978   1    0.649
      181  0.000   0.975   1    0.620
      182  0.000   0.975   1    0.589
      183  0.000   0.975   1    0.553
      184  0.000   0.975   1    0.529
      185  0.000   0.725   1    0.482
      186  0.001   0.647   1    0.437
      187  0.001   0.635   1    0.414
      188  0.000   0.634   1    0.394
      189  0.000   0.595   1    0.367
      190  0.000   0.556   1    0.310
      191  0.000   0.556   1    0.252
      192  0.000   0.555   1    0.200
      193  0.000   0.555   1    0.155
      194  0.000   0.554   1    0.120
      195  0.000   0.554   1    0.097
      196  0.000   0.554   1    0.094
      197  0.000   0.554   1    0.095
      198  0.000   0.528   1    0.087
      199  0.000   0.528   1    0.058
      200  0.000   0.528   1    0.027
      201  0.000   0.527   1   -0.006
      202  0.000   0.525   1   -0.018
      203  0.000   0.501   1   -0.037
      204  0.000   0.493   1   -0.061
      205  0.000   0.492   1   -0.085
      206  0.000   0.492   1   -0.099
      207  0.000   0.492   1   -0.126
      208  0.000   0.492   1   -0.145
      209  0.000   0.492   1   -0.174
      210  0.000   0.492   1   -0.197
      211  0.000   0.492   1   -0.202
      212  0.000   0.492   1   -0.208
      213  0.000   0.492   1   -0.208
      214  0.000   0.491   1   -0.203
      215  0.000   0.491   1   -0.202
      216  0.000   0.491   1   -0.198
      217  0.000   0.489   1   -0.222
      218  0.000   0.488   1   -0.269
      219  0.000   0.488   1   -0.309
      220  0.000   0.488   1   -0.330
      221  0.000   0.488   1   -0.334
      222  0.000   0.488   1   -0.336
      223  0.000   0.488   1   -0.339
      224  0.000   0.486   1   -0.354
      225  0.000   0.486   1   -0.362
      226  0.000   0.486   1   -0.373
      227  0.000   0.486   1   -0.386
      228  0.000   0.485   1   -0.398
      229  0.000   0.481   1   -0.409
      230  0.000   0.481   1   -0.424
      231  0.000   0.449   1   -0.431
      232  0.000   0.445   1   -0.416
      233  0.000   0.444   1   -0.391
      234  0.000   0.444   1   -0.383
      235  0.000   0.444   1   -0.381
      236  0.000   0.441   1   -0.382
      237  0.000   0.127   0   -0.390
      238  0.000   0.036   0   -0.401
      239  0.000   0.004   0   -0.418
      240  0.000   0.003   0   -0.426
      241  0.000   0.003   0   -0.414
      242  0.000   0.003   0   -0.420
      243  0.000   0.003   0   -0.422
      244  0.000   0.003   0   -0.424
      245  0.000   0.003   0   -0.416
      246  0.000   0.003   0   -0.430
      247  0.000   0.003   0   -0.458
      248  0.000   0.003   0   -0.484
      249  0.000   0.003   0   -0.498
      250  0.000   0.003   0   -0.514
      251  0.000   0.003   0   -0.543
      252  0.000   0.003   0   -0.587
      253  0.000   0.003   0   -0.617
      254  0.000   0.003   0   -0.637
      255  0.000   0.003   0   -0.662
      256  0.001   0.004   0   -0.706
      257  0.001   0.005   0   -0.762
      258  0.000   0.005   0   -0.810
      259  0.000   0.005   0   -0.844
      260  0.000   0.005   0   -0.884
      261  0.001   0.006   0   -0.919
      262  0.003   0.009   0   -0.945
      263  0.001   0.010   0   -0.976
      264  0.000   0.010   0   -1.005
      265  0.000   0.010   0   -1.041
      266  0.000   0.010   0   -1.097
      267  0.000   0.010   0   -1.159
      268  0.000   0.010   0   -1.220
      269  0.001   0.011   0   -1.291
      270  0.000   0.012   0   -1.361
      271  0.000   0.012   0   -1.403
      272  0.000   0.012   0   -1.414
      273  0.000   0.012   0   -1.404
      274  0.000   0.012   0   -1.398
      275  0.000   0.012   0   -1.398
      276  0.000   0.012   0   -1.407
      277  0.000   0.012   0   -1.422
      278  0.000   0.012   0   -1.458
      279  0.008   0.019   0   -1.468
      280  0.046   0.065   0   -1.485
      281  0.022   0.087   0   -1.492
      282  0.005   0.092   0   -1.487
      283  0.000   0.092   0   -1.497
      284  0.000   0.092   0   -1.491
      285  0.000   0.092   0   -1.489
      286  0.000   0.092   0   -1.490
      287  0.003   0.095   0   -1.520
      288  0.135   0.230   0   -1.549
      289  0.058   0.288   0   -1.560
      290  0.073   0.361   0   -1.572
      291  0.017   0.377   0   -1.590
      292  0.088   0.466   0   -1.598
      293  0.058   0.524   0   -1.604
      294  0.004   0.527   0   -1.617
      295  0.009   0.537   0   -1.615
      296  0.032   0.569   0   -1.626
      297  0.005   0.574   0   -1.639
      298  0.000   0.574   0   -1.656
      299  0.000   0.574   0   -1.674
      300  0.000   0.574   0   -1.668
      301  0.000   0.574   0   -1.643
      302  0.000   0.574   0   -1.594
      303  0.000   0.574   0   -1.546
      304  0.000   0.574   0   -1.519
      305  0.000   0.574   0   -1.502
      306  0.000   0.574   0   -1.469
      307  0.000   0.574   0   -1.419
      308  0.000   0.574   0   -1.370
      309  0.000   0.574   0   -1.321
      310  0.000   0.574   0   -1.275
      311  0.000   0.574   0   -1.210
      312  0.000   0.574   0   -1.145
      313  0.000   0.574   0   -1.086
      314  0.000   0.574   0   -1.041
      315  0.000   0.574   0   -0.980
      316  0.000   0.574   0   -0.936
      317  0.000   0.574   0   -0.899
      318  0.000   0.574   0   -0.868
      319  0.000   0.574   0   -0.835
      320  0.000   0.574   0   -0.798
      321  0.000   0.574   0   -0.752
      322  0.000   0.574   0   -0.701
      323  0.000   0.574   0   -0.657
      324  0.000   0.574   0   -0.589
      325  0.000   0.574   0   -0.508
      326  0.000   0.574   0   -0.442
      327  0.000   0.574   0   -0.386
      328  0.000   0.574   0   -0.345
      329  0.000   0.574   0   -0.328
      330  0.000   0.574   0   -0.311
      331  0.000   0.574   0   -0.293
      332  0.000   0.574   0   -0.260
      333  0.000   0.574   0   -0.211
      334  0.000   0.573   0   -0.153
      335  0.000   0.573   0   -0.096
      336  0.000   0.573   0   -0.031
      337  0.000   0.573   0    0.013
      338  0.000   0.573   0    0.071
      339  0.000   0.573   0    0.111
      340  0.000   0.573   0    0.142
      341  0.000   0.573   0    0.178
      342  0.000   0.573   0    0.222
      343  0.000   0.573   0    0.262
      344  0.000   0.572   0    0.289
      345  0.000   0.572   0    0.314
      346  0.000   0.572   0    0.344
      347  0.000   0.572   0    0.361
      348  0.000   0.572   0    0.372
      349  0.000   0.573   0    0.381
      350  0.000   0.573   0    0.373
      351  0.000   0.573   0    0.356
      352  0.000   0.573   0    0.345
      353  0.002   0.575   0    0.345
      354  0.015   0.590   0    0.355
      355  0.011   0.601   0    0.342
      356  0.013   0.614   0    0.327
      357  0.002   0.616   0    0.308
      358  0.004   0.620   0    0.292
      359  0.002   0.621   0    0.274
      360  0.058   0.680   0    0.251
      361  0.009   0.689   0    0.210
      362  0.013   0.702   0    0.148
      363  0.079   0.781   0    0.080
      364  0.111   0.892   0    0.018
      365  0.003   0.895   0   -0.011
      366  0.000   0.895   0   -0.025
      367  0.000   0.895   0   -0.029
      368  0.000   0.895   0   -0.037
      369  0.001   0.896   0   -0.040
      370  0.001   0.898   0   -0.069
      371  0.001   0.899   0   -0.107
      372  0.001   0.899   0   -0.131
      373  0.000   0.900   0   -0.150
      374  0.000   0.900   0   -0.159
      375  0.000   0.900   0   -0.182
      376  0.000   0.900   0   -0.211
      377  0.000   0.900   0   -0.247
      378  0.000   0.900   0   -0.276
      379  0.000   0.900   0   -0.300
      380  0.000   0.900   0   -0.331
      381  0.000   0.900   0   -0.368
      382  0.003   0.903   0   -0.414
      383  0.000   0.904   0   -0.456
      384  0.000   0.904   0   -0.467
      385  0.001   0.904   0   -0.475
      386  0.004   0.908   0   -0.482
      387  0.004   0.912   0   -0.506
      388  0.000   0.912   0   -0.544
      389  0.000   0.912   0   -0.580
      390  0.000   0.912   0   -0.629
      391  0.000   0.912   0   -0.678
      392  0.003   0.915   0   -0.725
      393  0.004   0.919   0   -0.751
      394  0.000   0.919   0   -0.766
      395  0.000   0.919   0   -0.767
      396  0.000   0.919   0   -0.788
      397  0.000   0.919   0   -0.810
      398  0.000   0.919   0   -0.818
      399  0.000   0.919   0   -0.808
      400  0.000   0.919   0   -0.791
      401  0.000   0.919   0   -0.773
      402  0.000   0.919   0   -0.745
      403  0.000   0.918   0   -0.721
      404  0.000   0.917   0   -0.681
      405  0.000   0.916   0   -0.644
      406  0.000   0.916   0   -0.584
      407  0.000   0.916   0   -0.533
      408  0.000   0.915   0   -0.491
      409  0.000   0.913   0   -0.448
      410  0.000   0.912   0   -0.399
      411  0.000   0.912   0   -0.366
      412  0.000   0.912   0   -0.347
      413  0.000   0.912   0   -0.337
      414  0.000   0.911   0   -0.316
      415  0.000   0.911   0   -0.270
      416  0.000   0.910   0   -0.219
      417  0.000   0.910   0   -0.156
      418  0.000   0.910   0   -0.090
      419  0.000   0.910   0   -0.029
      420  0.000   0.910   0   -0.003
      421  0.000   0.910   0    0.012
      422  0.000   0.910   0    0.019
      423  0.000   0.910   0    0.019
      424  0.000   0.910   0    0.018
      425  0.000   0.910   0    0.024
      426  0.000   0.902   0    0.051
      427  0.000   0.856   0    0.079
      428  0.000   0.834   0    0.116
      429  0.000   0.830   0    0.140
      430  0.000   0.830   0    0.163
      431  0.000   0.830   0    0.205
      432  0.000   0.830   0    0.270
      433  0.000   0.829   0    0.336
      434  0.000   0.826   0    0.350
      435  0.000   0.691   0    0.367
      436  0.000   0.634   0    0.371
      437  0.000   0.561   0    0.395
      438  0.000   0.544   0    0.437
      439  0.000   0.456   0    0.470
      440  0.000   0.398   0    0.482
      441  0.000   0.394   0    0.483
      442  0.000   0.385   0    0.492
      443  0.000   0.353   0    0.513
      444  0.000   0.347   0    0.508
      445  0.000   0.347   0    0.517
      446  0.000   0.347   0    0.521
      447  0.000   0.347   0    0.526
      448  0.000   0.347   0    0.494
      449  0.000   0.347   0    0.462
      450  0.000   0.347   0    0.435
      451  0.000   0.347   0    0.422
      452  0.000   0.347   0    0.402
      453  0.000   0.347   0    0.353
      454  0.000   0.347   0    0.311
      455  0.000   0.347   0    0.265
      456  0.000   0.347   0    0.222
      457  0.000   0.348   0    0.183
      458  0.000   0.348   0    0.147
      459  0.000   0.348   0    0.110
      460  0.000   0.348   0    0.060
      461  0.000   0.348   0   -0.005
      462  0.000   0.348   0   -0.059
      463  0.000   0.348   0   -0.103
      464  0.001   0.349   0   -0.160
      465  0.003   0.352   0   -0.207
      466  0.008   0.360   0   -0.251
      467  0.002   0.361   0   -0.303
      468  0.001   0.362   0   -0.339
      469  0.000   0.362   0   -0.372
      470  0.000   0.362   0   -0.419
      471  0.000   0.362   0   -0.456
      472  0.002   0.365   0   -0.502
      473  0.011   0.375   0   -0.566
      474  0.000   0.376   0   -0.632
      475  0.001   0.376   0   -0.683
      476  0.000   0.376   0   -0.731
      477  0.000   0.376   0   -0.785
      478  0.000   0.376   0   -0.830
      479  0.000   0.376   0   -0.863
      480  0.000   0.376   0   -0.898
      481  0.000   0.376   0   -0.947
      482  0.000   0.376   0   -1.002
      483  0.000   0.376   0   -1.058
      484  0.000   0.376   0   -1.106
      485  0.000   0.376   0   -1.139
      486  0.000   0.376   0   -1.195
      487  0.000   0.376   0   -1.266
      488  0.000   0.376   0   -1.337
      489  0.000   0.376   0   -1.367
      490  0.000   0.376   0   -1.398
      491  0.000   0.376   0   -1.413
      492  0.000   0.376   0   -1.437
      493  0.000   0.376   0   -1.470
      494  0.000   0.376   0   -1.511
      495  0.000   0.376   0   -1.553
      496  0.000   0.376   0   -1.591
      497  0.000   0.376   0   -1.621
      498  0.000   0.376   0   -1.638
      499  0.000   0.376   0   -1.637
      500  0.000   0.374   0   -1.634
      501  0.000   0.359   0   -1.625
      502  0.000   0.348   0   -1.629
      503  0.000   0.335   0   -1.606
      504  0.000   0.333   0   -1.596
      505  0.000   0.329   0   -1.602
      506  0.000   0.327   0   -1.630
      507  0.001   0.269   0   -1.649
      508  0.000   0.261   0   -1.638
      509  0.000   0.248   0   -1.622
      510  0.000   0.168   0   -1.596
      511  0.000   0.057   0   -1.572
      512  0.000   0.055   0   -1.544
      513  0.000   0.054   0   -1.519
      514  0.000   0.054   0   -1.498
      515  0.001   0.055   0   -1.465
      516  0.002   0.056   0   -1.438
      517  0.001   0.056   0   -1.413
      518  0.000   0.055   0   -1.389
      519  0.000   0.054   0   -1.354
      520  0.000   0.054   0   -1.337
      521  0.000   0.054   0   -1.310
      522  0.000   0.054   0   -1.282
      523  0.000   0.054   0   -1.272
      524  0.000   0.054   0   -1.262
      525  0.000   0.054   0   -1.250
      526  0.000   0.054   0   -1.238
      527  0.000   0.054   0   -1.221
      528  0.000   0.053   0   -1.185
      529  0.000   0.050   0   -1.137
      530  0.000   0.050   0   -1.102
      531  0.000   0.049   0   -1.076
      532  0.000   0.049   0   -1.040
      533  0.000   0.045   0   -1.002
      534  0.000   0.041   0   -0.975
      535  0.000   0.041   0   -0.950
      536  0.000   0.041   0   -0.919
      537  0.000   0.041   0   -0.882
      538  0.000   0.041   0   -0.856
      539  0.000   0.038   0   -0.836
      540  0.000   0.035   0   -0.819
      541  0.000   0.034   0   -0.788
      542  0.000   0.034   0   -0.742
      543  0.000   0.034   0   -0.699
      544  0.000   0.034   0   -0.667
      545  0.000   0.034   0   -0.663
      546  0.000   0.034   0   -0.665
      547  0.000   0.034   0   -0.672
      548  0.000   0.034   0   -0.686
      549  0.000   0.034   0   -0.702
      550  0.000   0.035   0   -0.698
      551  0.000   0.035   0   -0.689
      552  0.000   0.035   0   -0.673
      553  0.000   0.035   0   -0.659
      554  0.000   0.035   0   -0.655
      555  0.000   0.035   0   -0.660
      556  0.000   0.035   0   -0.679
      557  0.000   0.035   0   -0.685
      558  0.003   0.038   0   -0.705
      559  0.006   0.044   0   -0.716
      560  0.000   0.044   0   -0.711
      561  0.000   0.044   0   -0.672
      562  0.000   0.044   0   -0.628
      563  0.000   0.044   0   -0.600
      564  0.000   0.044   0   -0.607
      565  0.000   0.044   0   -0.633
      566  0.000   0.044   0   -0.669
      567  0.000   0.044   0   -0.719
      568  0.000   0.045   0   -0.751
      569  0.000   0.045   0   -0.788
      570  0.000   0.045   0   -0.818
      571  0.000   0.045   0   -0.840
      572  0.000   0.045   0   -0.866
      573  0.000   0.045   0   -0.905
      574  0.000   0.045   0   -0.959
      575  0.000   0.045   0   -1.003
      576  0.000   0.045   0   -1.050
      577  0.001   0.046   0   -1.086
      578  0.000   0.046   0   -1.118
      579  0.000   0.046   0   -1.150
      580  0.000   0.046   0   -1.160
      581  0.000   0.046   0   -1.171
      582  0.000   0.046   0   -1.174
      583  0.000   0.046   0   -1.200
      584  0.000   0.046   0   -1.235
      585  0.000   0.046   0   -1.273
      586  0.000   0.046   0   -1.314
      587  0.000   0.046   0   -1.357
      588  0.000   0.046   0   -1.372
      589  0.000   0.046   0   -1.382
      590  0.000   0.046   0   -1.383
      591  0.000   0.046   0   -1.376
      592  0.000   0.046   0   -1.377
      593  0.000   0.046   0   -1.370
      594  0.000   0.046   0   -1.359
      595  0.000   0.046   0   -1.356
      596  0.000   0.046   0   -1.342
      597  0.000   0.046   0   -1.340
      598  0.000   0.046   0   -1.335
      599  0.000   0.046   0   -1.342
      600  0.000   0.046   0   -1.353
      601  0.000   0.046   0   -1.352
      602  0.000   0.046   0   -1.346
      603  0.000   0.046   0   -1.322
      604  0.000   0.046   0   -1.281
      605  0.000   0.045   0   -1.243
      606  0.000   0.045   0   -1.211
      607  0.000   0.045   0   -1.200
      608  0.000   0.045   0   -1.218
      609  0.000   0.045   0   -1.239
      610  0.000   0.045   0   -1.248
      611  0.000   0.044   0   -1.245
      612  0.000   0.041   0   -1.230
      613  0.000   0.034   0   -1.213
      614  0.000   0.032   0   -1.195
      615  0.000   0.031   0   -1.200
      616  0.000   0.031   0   -1.215
      617  0.000   0.031   0   -1.237
      618  0.000   0.031   0   -1.259
      619  0.000   0.029   0   -1.273
      620  0.000   0.018   0   -1.287
      621  0.000   0.018   0   -1.285
      622  0.000   0.017   0   -1.261
      623  0.000   0.017   0   -1.230
      624  0.000   0.017   0   -1.199
      625  0.000   0.017   0   -1.175
      626  0.000   0.017   0   -1.161
      627  0.000   0.017   0   -1.143
      628  0.000   0.017   0   -1.132
      629  0.000   0.017   0   -1.119
      630  0.000   0.017   0   -1.114
      631  0.000   0.017   0   -1.108
      632  0.000   0.017   0   -1.090
      633  0.000   0.017   0   -1.058
      634  0.000   0.017   0   -1.027
      635  0.000   0.017   0   -1.005
      636  0.000   0.017   0   -1.015
      637  0.000   0.017   0   -1.027
      638  0.000   0.017   0   -1.007
      639  0.000   0.017   0   -0.987
      640  0.000   0.017   0   -0.959
      641  0.000   0.017   0   -0.925
      642  0.000   0.017   0   -0.891
      643  0.000   0.017   0   -0.870
      644  0.000   0.017   0   -0.866
      645  0.000   0.017   0   -0.860
      646  0.000   0.017   0   -0.874
      647  0.000   0.017   0   -0.901
      648  0.000   0.017   0   -0.946
      649  0.000   0.017   0   -0.987
      650  0.000   0.017   0   -1.012
      651  0.000   0.017   0   -1.039
      652  0.000   0.017   0   -1.051
      653  0.000   0.017   0   -1.074
      654  0.000   0.016   0   -1.091
      655  0.000   0.016   0   -1.077
      656  0.000   0.016   0   -1.063
      657  0.000   0.016   0   -1.048
      658  0.000   0.016   0   -1.071
      659  0.000   0.016   0   -1.098
      660  0.000   0.016   0   -1.110
      661  0.000   0.016   0   -1.106
      662  0.000   0.016   0   -1.108
      663  0.000   0.013   0   -1.110
      664  0.000   0.012   0   -1.105
      665  0.000   0.012   0   -1.093
      666  0.000   0.012   0   -1.091
      667  0.001   0.013   0   -1.091
      668  0.001   0.013   0   -1.086
      669  0.005   0.019   0   -1.093
      670  0.047   0.066   0   -1.105
      671  0.001   0.067   0   -1.123
      672  0.000   0.067   0   -1.134
      673  0.000   0.067   0   -1.138
      674  0.000   0.067   0   -1.117
      675  0.000   0.067   0   -1.091
      676  0.000   0.067   0   -1.067
      677  0.000   0.067   0   -1.058
      678  0.002   0.069   0   -1.073
      679  0.004   0.073   0   -1.088
      680  0.001   0.074   0   -1.107
      681  0.007   0.080   0   -1.115
      682  0.001   0.081   0   -1.115
      683  0.099   0.180   0   -1.110
      684  0.026   0.206   0   -1.087
      685  0.003   0.209   0   -1.056
      686  0.000   0.209   0   -1.027
      687  0.000   0.209   0   -1.020
      688  0.000   0.209   0   -1.029
      689  0.000   0.209   0   -1.037
      690  0.000   0.210   0   -1.065
      691  0.013   0.223   0   -1.056
      692  0.022   0.245   0   -1.048
      693  0.003   0.249   0   -1.042
      694  0.000   0.249   0   -1.033
      695  0.000   0.248   0   -1.020
      696  0.000   0.248   0   -1.006
      697  0.000   0.248   0   -0.988
      698  0.000   0.248   0   -0.985
      699  0.000   0.248   0   -0.975
      700  0.000   0.248   0   -0.970
      701  0.000   0.248   0   -0.947
      702  0.000   0.248   0   -0.902
      703  0.000   0.248   0   -0.854
      704  0.000   0.248   0   -0.812
      705  0.000   0.245   0   -0.772
      706  0.000   0.239   0   -0.742
      707  0.000   0.239   0   -0.742
      708  0.001   0.240   0   -0.727
      709  0.038   0.278   0   -0.698
      710  0.004   0.283   0   -0.683
      711  0.007   0.289   0   -0.661
      712  0.000   0.290   0   -0.645
      713  0.007   0.297   0   -0.597
      714  0.002   0.298   0   -0.555
      715  0.004   0.302   0   -0.525
      716  0.002   0.304   0   -0.492
      717  0.003   0.307   0   -0.460
      718  0.000   0.307   0   -0.428
      719  0.000   0.307   0   -0.401
      720  0.000   0.307   0   -0.381
      721  0.002   0.309   0   -0.348
      722  0.002   0.311   0   -0.317
      723  0.000   0.311   0   -0.306
      724  0.000   0.310   0   -0.266
      725  0.000   0.310   0   -0.207
      726  0.000   0.310   0   -0.152
      727  0.000   0.310   0   -0.095
      728  0.001   0.311   0   -0.055
      729  0.001   0.312   0   -0.015
      730  0.110   0.422   0    0.028
      731  0.184   0.606   1    0.055
      732  0.104   0.710   1    0.069
      733  0.093   0.802   1    0.081
      734  0.001   0.803   1    0.098
      735  0.001   0.804   1    0.134
      736  0.001   0.806   1    0.177
      737  0.004   0.810   1    0.221
      738  0.000   0.810   1    0.267
      739  0.001   0.811   1    0.302
      740  0.002   0.813   1    0.312
      741  0.013   0.826   1    0.319
      742  0.001   0.827   1    0.319
      743  0.001   0.828   1    0.331
      744  0.000   0.828   1    0.328
      745  0.000   0.828   1    0.336
      746  0.000   0.828   1    0.328
      747  0.007   0.835   1    0.350
      748  0.009   0.844   1    0.365
      749  0.003   0.847   1    0.376
      750  0.000   0.847   1    0.383
      751  0.000   0.847   1    0.381
      752  0.000   0.847   1    0.372
      753  0.001   0.848   1    0.367
      754  0.008   0.856   1    0.402
      755  0.001   0.856   1    0.450
      756  0.000   0.856   1    0.486
      757  0.000   0.857   1    0.507
      758  0.000   0.857   1    0.526
      759  0.000   0.857   1    0.560
      760  0.000   0.857   1    0.580
      761  0.029   0.886   1    0.602
      762  0.017   0.903   1    0.638
      763  0.010   0.912   1    0.671
      764  0.000   0.913   1    0.688
      765  0.000   0.913   1    0.704
      766  0.000   0.913   1    0.702
      767  0.000   0.913   1    0.715
      768  0.000   0.913   1    0.716
      769  0.000   0.913   1    0.714
      770  0.000   0.913   1    0.693
      771  0.000   0.913   1    0.651
      772  0.000   0.913   1    0.637
      773  0.001   0.914   1    0.634
      774  0.003   0.916   1    0.645
      775  0.001   0.917   1    0.656
      776  0.006   0.923   1    0.679
      777  0.000   0.923   1    0.700
      778  0.003   0.926   1    0.724
      779  0.000   0.926   1    0.728
      780  0.000   0.926   1    0.716
      781  0.000   0.926   1    0.709
      782  0.000   0.926   1    0.696
      783  0.000   0.927   1    0.702
      784  0.000   0.927   1    0.677
      785  0.001   0.928   1    0.661
      786  0.005   0.933   1    0.658
      787  0.008   0.940   1    0.680
      788  0.000   0.941   1    0.698
      789  0.001   0.941   1    0.713
      790  0.000   0.941   1    0.712
      791  0.000   0.941   1    0.699
      792  0.000   0.941   1    0.682
      793  0.000   0.941   1    0.682
      794  0.000   0.942   1    0.687
      795  0.041   0.982   1    0.706
      796  0.009   0.991   1    0.724
      797  0.000   0.991   1    0.754
      798  0.000   0.991   1    0.783
      799  0.000   0.992   1    0.832
      800  0.000   0.992   1    0.885
      801  0.000   0.992   1    0.928
      802  0.000   0.992   1    0.942
      803  0.000   0.992   1    0.954
      804  0.000   0.992   1    0.961
      805  0.000   0.992   1    0.972
      806  0.000   0.992   1    0.996
      807  0.000   0.992   1    1.042
      808  0.000   0.992   1    1.077
      809  0.000   0.992   1    1.079
      810  0.000   0.992   1    1.055
      811  0.000   0.992   1    1.042
      812  0.000   0.992   1    1.022
      813  0.000   0.992   1    1.004
      814  0.000   0.991   1    0.971
      815  0.000   0.990   1    0.949
      816  0.000   0.985   1    0.921
      817  0.000   0.938   1    0.899
      818  0.000   0.937   1    0.888
      819  0.000   0.937   1    0.889
      820  0.000   0.937   1    0.901
      821  0.000   0.937   1    0.908
      822  0.000   0.937   1    0.913
      823  0.000   0.937   1    0.908
      824  0.000   0.937   1    0.918
      825  0.000   0.935   1    0.908
      826  0.000   0.931   1    0.910
      827  0.000   0.930   1    0.908
      828  0.000   0.923   1    0.906
      829  0.000   0.923   1    0.905
      830  0.000   0.824   1    0.880
      831  0.000   0.798   1    0.863
      832  0.000   0.795   1    0.847
      833  0.000   0.795   1    0.839
      834  0.000   0.795   1    0.819
      835  0.000   0.795   1    0.816
      836  0.000   0.795   1    0.804
      837  0.000   0.794   1    0.791
      838  0.000   0.781   1    0.768
      839  0.000   0.759   1    0.762
      840  0.000   0.755   1    0.756
      841  0.000   0.755   1    0.763
      842  0.000   0.755   1    0.757
      843  0.000   0.755   1    0.747
      844  0.000   0.755   1    0.744
      845  0.000   0.755   1    0.754
      846  0.000   0.755   1    0.757
      847  0.000   0.755   1    0.753
      848  0.000   0.755   1    0.720
      849  0.000   0.755   1    0.671
      850  0.000   0.755   1    0.634
      851  0.000   0.755   1    0.588
      852  0.000   0.755   1    0.563
      853  0.000   0.755   1    0.548
      854  0.000   0.755   1    0.521
      855  0.000   0.754   1    0.490
      856  0.000   0.716   1    0.462
      857  0.000   0.712   1    0.439
      858  0.000   0.705   1    0.410
      859  0.000   0.704   1    0.396
      860  0.000   0.698   1    0.388
      861  0.000   0.695   1    0.377
      862  0.000   0.692   1    0.338
      863  0.000   0.690   1    0.306
      864  0.000   0.687   1    0.284
      865  0.000   0.686   1    0.277
      866  0.000   0.686   1    0.272
      867  0.000   0.686   1    0.255
      868  0.000   0.685   1    0.257
      869  0.000   0.683   1    0.255
      870  0.000   0.683   1    0.252
      871  0.000   0.683   1    0.255
      872  0.000   0.683   1    0.263
      873  0.000   0.683   1    0.251
      874  0.000   0.682   1    0.229
      875  0.000   0.682   1    0.200
      876  0.000   0.680   1    0.169
      877  0.000   0.570   1    0.135
      878  0.000   0.386   0    0.112
      879  0.000   0.283   0    0.072
      880  0.000   0.190   0    0.067
      881  0.000   0.189   0    0.061
      882  0.000   0.188   0    0.052
      883  0.000   0.186   0    0.048
      884  0.000   0.182   0    0.045
      885  0.000   0.182   0    0.054
      886  0.000   0.181   0    0.034
      887  0.000   0.179   0    0.010
      888  0.000   0.166   0   -0.013
      889  0.000   0.165   0   -0.017
      890  0.000   0.164   0   -0.027
      891  0.000   0.164   0   -0.026
      892  0.000   0.164   0   -0.021
      893  0.000   0.164   0   -0.010
      894  0.000   0.157   0    0.007
      895  0.000   0.148   0    0.011
      896  0.000   0.145   0   -0.002
      897  0.000   0.145   0   -0.003
      898  0.000   0.145   0   -0.005
      899  0.000   0.145   0   -0.010
      900  0.000   0.144   0   -0.034
      901  0.000   0.137   0   -0.045
      902  0.000   0.136   0   -0.052
      903  0.000   0.136   0   -0.036
      904  0.000   0.136   0   -0.011
      905  0.000   0.135   0    0.006
      906  0.000   0.135   0    0.037
      907  0.000   0.135   0    0.039
      908  0.000   0.106   0    0.030
      909  0.000   0.089   0    0.048
      910  0.000   0.080   0    0.055
      911  0.000   0.079   0    0.071
      912  0.000   0.079   0    0.082
      913  0.000   0.079   0    0.100
      914  0.000   0.079   0    0.098
      915  0.000   0.079   0    0.093
      916  0.000   0.079   0    0.114
      917  0.000   0.079   0    0.150
      918  0.000   0.079   0    0.165
      919  0.004   0.084   0    0.169
      920  0.000   0.083   0    0.174
      921  0.000   0.080   0    0.176
      922  0.000   0.079   0    0.176
      923  0.000   0.074   0    0.177
      924  0.000   0.074   0    0.179
      925  0.000   0.070   0    0.187
      926  0.000   0.070   0    0.191
      927  0.000   0.070   0    0.178
      928  0.000   0.070   0    0.187
      929  0.000   0.070   0    0.206
      930  0.000   0.070   0    0.233
      931  0.002   0.073   0    0.244
      932  0.000   0.072   0    0.245
      933  0.001   0.067   0    0.259
      934  0.000   0.060   0    0.294
      935  0.000   0.060   0    0.316
      936  0.000   0.059   0    0.347
      937  0.000   0.060   0    0.372
      938  0.000   0.060   0    0.395
      939  0.000   0.060   0    0.411
      940  0.000   0.060   0    0.422
      941  0.000   0.060   0    0.447
      942  0.001   0.020   0    0.459
      943  0.002   0.013   0    0.480
      944  0.000   0.013   0    0.479
      945  0.003   0.016   0    0.479
      946  0.000   0.016   0    0.489
      947  0.001   0.017   0    0.502
      948  0.009   0.026   0    0.479
      949  0.003   0.029   0    0.473
      950  0.000   0.030   0    0.472
      951  0.000   0.030   0    0.485
      952  0.000   0.030   0    0.486
      953  0.002   0.031   0    0.502
      954  0.007   0.038   0    0.519
      955  0.310   0.348   1    0.546
      956  0.271   0.619   1    0.570
      957  0.136   0.755   1    0.595
      958  0.029   0.784   1    0.621
      959  0.001   0.785   1    0.639
      960  0.007   0.792   1    0.660
      961  0.024   0.816   1    0.672
      962  0.011   0.827   1    0.700
      963  0.005   0.832   1    0.744
      964  0.017   0.849   1    0.769
      965  0.014   0.863   1    0.815
      966  0.137   1.000   1    0.839
      967  0.000   1.000   1    0.866
      968  0.000   1.000   1    0.876
      969  0.000   1.000   1    0.916
      970  0.000   1.000   1    0.939
      971  0.000   1.000   1    0.931
      972  0.000   1.000   1    0.909
      973  0.000   1.000   1    0.913
      974  0.000   1.000   1    0.934
      975  0.000   1.000   1    0.957
      976  0.000   1.000   1    0.979
      977  0.000   1.000   1    1.032
      978  0.000   1.000   1    1.067
      979  0.000   1.000   1    1.111
      980  0.000   1.000   1    1.141
      981  0.000   1.000   1    1.175
      982  0.000   1.000   1    1.210
      983  0.000   1.000   1    1.242
      984  0.000   1.000   1    1.257
      985  0.000   1.000   1    1.272
      986  0.000   1.000   1    1.302
      987  0.000   1.000   1    1.349
      988  0.000   1.000   1    1.385
      989  0.000   1.000   1    1.409
      990  0.000   1.000   1    1.432
      991  0.000   1.000   1    1.465
      992  0.000   1.000   1    1.481
      993  0.000   1.000   1    1.507
      994  0.000   1.000   1    1.532
      995  0.000   1.000   1    1.558
      996  0.000   1.000   1    1.570
      997  0.000   1.000   1    1.588
      998  0.000   1.000   1    1.600
      999  0.000   1.000   1    1.634
     1000  0.000   1.000   1    1.678
     1001  0.000   1.000   1    1.729
     1002  0.000   1.000   1    1.771
     1003  0.000   1.000   1    1.842
     1004  0.000   1.000   1    1.882
     1005  0.000   1.000   1    1.915
     1006  0.000   1.000   1    1.941
     1007  0.000   1.000   1    1.977
     1008  0.000   1.000   1    2.007
     1009  0.000   1.000   1    2.031
     1010  0.000   1.000   1    2.062
     1011  0.000   1.000   1    2.089
     1012  0.000   1.000   1    2.119
     1013  0.000   1.000   1    2.153
     1014  0.000   1.000   1    2.169
     1015  0.000   1.000   1    2.188
     1016  0.000   1.000   1    2.218
     1017  0.000   1.000   1    2.245
     1018  0.000   1.000   1    2.252
     1019  0.000   1.000   1    2.255
     1020  0.000   1.000   1    2.246
     1021  0.000   1.000   1    2.261
     1022  0.000   1.000   1    2.277
     1023  0.000   1.000   1    2.313
     1024  0.000   1.000   1    2.329
     1025  0.000   1.000   1    2.361
     1026  0.000   1.000   1    2.401
     1027  0.000   1.000   1    2.449
     1028  0.000   1.000   1    2.484
     1029  0.000   1.000   1    2.505
     1030  0.000   1.000   1    2.517
     1031  0.000   1.000   1    2.536
     1032  0.000   1.000   1    2.536
     1033  0.000   1.000   1    2.550
     1034  0.000   1.000   1    2.561
     1035  0.000   1.000   1    2.577
     1036  0.000   1.000   1    2.592
     1037  0.000   1.000   1    2.618
     1038  0.000   1.000   1    2.627
     1039  0.000   1.000   1    2.664
     1040  0.000   1.000   1    2.686
     1041  0.000   1.000   1    NA
     1042  0.000   1.000   1    NA
     1043  0.000   1.000   1    NA
     1044  0.000   1.000   1    NA
     1045  0.000   1.000   1    NA
     1046  0.000   1.000   1    NA
     1047  0.000   1.000   1    NA
     1048  0.000   1.000   1    NA
     1049  0.000   1.000   1    NA
     1050  0.000   1.000   1    NA
     1051  0.000   1.000   1    NA
     1052  0.000   1.000   1    NA
     1053  0.000   1.000   1    NA
     1054  0.000   1.000   1    NA
     1055  0.000   1.000   1    NA
     1056  0.000   1.000   1    NA
     1057  0.000   1.000   1    NA
     1058  0.000   1.000   1    NA
     1059  0.000   1.000   1    NA
     1060  0.000   1.000   1    NA
     1061  0.000   1.000   1    NA
     1062  0.000   1.000   1    NA
     1063  0.000   1.000   1    NA
     1064  0.000   1.000   1    NA
     1065  0.000   0.999   1    NA
     1066  0.000   0.995   1    NA
     1067  0.000   0.995   1    NA
     1068  0.000   0.995   1    NA
     1069  0.000   0.995   1    NA
     1070  0.000   0.995   1    NA
     1071  0.000   0.995   1    NA
     1072  0.000   0.995   1    NA
     1073  0.000   0.995   1    NA
     1074  0.000   0.995   1    NA
     1075  0.000   0.995   1    NA
     1076  0.000   0.995   1    NA
     1077  0.000   0.995   1    NA
     1078  0.000   0.992   1    NA
     1079  0.000   0.992   1    NA
     1080  0.000   0.992   1    NA
     1081  0.000   0.991   1    NA
     1082  0.000   0.991   1    NA
     1083  0.000   0.991   1    NA
     1084  0.000   0.991   1    NA
     1085  0.000   0.991   1    NA
     1086  0.000   0.991   1    NA
     1087  0.000   0.991   1    NA
     1088  0.000   0.990   1    NA
     1089  0.000   0.990   1    NA
     1090  0.000   0.988   1    NA
     1091  0.000   0.987   1    NA
     1092  0.000   0.984   1    NA
     1093  0.000   0.984   1    NA
     1094  0.000   0.983   1    NA
     1095  0.000   0.974   1    NA
     1096  0.000   0.971   1    NA
     1097  0.000   0.970   1    NA
     1098  0.000   0.970   1    NA
     1099  0.000   0.970   1    NA
     1100  0.000   0.969   1    NA
     1101  0.000   0.962   1    NA
     1102  0.000   0.652   0    NA
     1103  0.000   0.381   0    NA
     1104  0.000   0.245   0    NA
     1105  0.000   0.216   0    NA
     1106  0.000   0.215   0    NA
     1107  0.000   0.208   0    NA
     1108  0.000   0.184   0    NA
     1109  0.000   0.173   0    NA
     1110  0.000   0.168   0    NA
     1111  0.000   0.151   0    NA
     1112  0.000   0.137   0    NA
     1113  0.000   0.000   0    NA
