 Position  P-start Occup  N/L  Affinity
        1  0.000   0.000   0    NA
        2  0.000   0.000   0    NA
        3  0.000   0.001   0    NA
        4  0.000   0.001   0    NA
        5  0.000   0.001   0    NA
        6  0.000   0.001   0    NA
        7  0.001   0.003   0    NA
        8  0.001   0.003   0    NA
        9  0.000   0.003   0    NA
       10  0.000   0.003   0    NA
       11  0.000   0.004   0    NA
       12  0.000   0.004   0    NA
       13  0.001   0.005   0    NA
       14  0.000   0.005   0    NA
       15  0.001   0.006   0    NA
       16  0.000   0.006   0    NA
       17  0.000   0.006   0    NA
       18  0.000   0.006   0    NA
       19  0.002   0.008   0    NA
       20  0.003   0.011   0    NA
       21  0.002   0.013   0    NA
       22  0.001   0.015   0    NA
       23  0.000   0.015   0    NA
       24  0.001   0.016   0    NA
       25  0.001   0.017   0    NA
       26  0.000   0.017   0    NA
       27  0.000   0.017   0    NA
       28  0.000   0.017   0    NA
       29  0.000   0.017   0    NA
       30  0.000   0.017   0    NA
       31  0.000   0.017   0    NA
       32  0.001   0.019   0    NA
       33  0.007   0.025   0    NA
       34  0.002   0.027   0    NA
       35  0.000   0.027   0    NA
       36  0.000   0.027   0    NA
       37  0.000   0.028   0    NA
       38  0.276   0.304   0    NA
       39  0.087   0.390   0    NA
       40  0.014   0.404   0    NA
       41  0.002   0.406   0    NA
       42  0.043   0.448   0    NA
       43  0.043   0.491   0    NA
       44  0.001   0.492   0    NA
       45  0.000   0.492   0    NA
       46  0.000   0.493   0    NA
       47  0.001   0.493   0    NA
       48  0.000   0.493   0    NA
       49  0.000   0.493   0    NA
       50  0.000   0.494   0    NA
       51  0.029   0.523   0    NA
       52  0.000   0.523   0    NA
       53  0.000   0.523   0    NA
       54  0.001   0.524   0    NA
       55  0.002   0.526   0    NA
       56  0.026   0.553   0    NA
       57  0.009   0.562   0    NA
       58  0.000   0.562   0    NA
       59  0.000   0.562   0    NA
       60  0.000   0.562   0    NA
       61  0.000   0.562   0    NA
       62  0.000   0.562   0    NA
       63  0.000   0.562   0    NA
       64  0.000   0.563   0    NA
       65  0.000   0.563   0    NA
       66  0.000   0.563   0    NA
       67  0.000   0.563   0    NA
       68  0.000   0.563   0    NA
       69  0.000   0.564   0    NA
       70  0.002   0.566   0    NA
       71  0.000   0.567   0    NA
       72  0.000   0.567   0    NA
       73  0.000   0.567   0    NA
       74  0.000   0.567   0    1.118
       75  0.000   0.567   0    1.102
       76  0.000   0.567   0    1.097
       77  0.001   0.569   0    1.065
       78  0.000   0.569   0    1.086
       79  0.000   0.569   0    1.109
       80  0.000   0.569   0    1.126
       81  0.000   0.570   0    1.118
       82  0.004   0.574   0    1.097
       83  0.000   0.574   0    1.097
       84  0.030   0.604   0    1.131
       85  0.004   0.608   0    1.159
       86  0.000   0.608   0    1.183
       87  0.000   0.608   0    1.193
       88  0.000   0.609   0    1.221
       89  0.002   0.611   0    1.247
       90  0.278   0.889   1    1.254
       91  0.081   0.970   1    1.256
       92  0.028   0.997   1    1.256
       93  0.001   0.998   1    1.262
       94  0.000   0.998   1    1.258
       95  0.000   0.998   1    1.256
       96  0.000   0.998   1    1.261
       97  0.000   0.998   1    1.276
       98  0.000   0.998   1    1.274
       99  0.000   0.998   1    1.263
      100  0.000   0.998   1    1.268
      101  0.000   0.998   1    1.278
      102  0.000   0.999   1    1.302
      103  0.000   0.999   1    1.317
      104  0.000   0.999   1    1.323
      105  0.000   0.999   1    1.321
      106  0.000   0.999   1    1.317
      107  0.000   0.999   1    1.299
      108  0.000   0.999   1    1.288
      109  0.000   0.999   1    1.284
      110  0.000   0.999   1    1.290
      111  0.000   0.999   1    1.307
      112  0.000   0.999   1    1.325
      113  0.000   0.999   1    1.325
      114  0.000   0.999   1    1.317
      115  0.000   0.999   1    1.319
      116  0.000   0.999   1    1.323
      117  0.000   0.999   1    1.336
      118  0.000   0.999   1    1.338
      119  0.000   0.999   1    1.326
      120  0.000   0.999   1    1.305
      121  0.000   0.999   1    1.297
      122  0.000   0.999   1    1.294
      123  0.000   0.999   1    1.296
      124  0.000   0.999   1    1.297
      125  0.000   0.999   1    1.290
      126  0.000   0.999   1    1.285
      127  0.000   0.999   1    1.294
      128  0.000   0.999   1    1.316
      129  0.000   0.999   1    1.330
      130  0.000   0.999   1    1.357
      131  0.000   0.999   1    1.370
      132  0.000   0.999   1    1.394
      133  0.000   0.999   1    1.384
      134  0.000   0.999   1    1.373
      135  0.000   0.999   1    1.377
      136  0.000   0.999   1    1.408
      137  0.000   0.999   1    1.444
      138  0.000   0.999   1    1.460
      139  0.000   0.999   1    1.442
      140  0.000   0.999   1    1.417
      141  0.000   0.999   1    1.385
      142  0.000   0.999   1    1.360
      143  0.000   0.999   1    1.323
      144  0.000   0.999   1    1.292
      145  0.000   0.999   1    1.278
      146  0.000   0.999   1    1.266
      147  0.000   0.999   1    1.250
      148  0.000   0.999   1    1.235
      149  0.000   0.999   1    1.226
      150  0.000   0.998   1    1.220
      151  0.000   0.998   1    1.205
      152  0.000   0.998   1    1.189
      153  0.000   0.997   1    1.185
      154  0.000   0.996   1    1.192
      155  0.000   0.995   1    1.186
      156  0.000   0.995   1    1.168
      157  0.000   0.995   1    1.136
      158  0.000   0.995   1    1.100
      159  0.000   0.995   1    1.074
      160  0.000   0.994   1    1.063
      161  0.000   0.994   1    1.051
      162  0.000   0.993   1    1.049
      163  0.000   0.993   1    1.047
      164  0.000   0.993   1    1.041
      165  0.000   0.993   1    1.024
      166  0.000   0.991   1    1.002
      167  0.000   0.988   1    0.971
      168  0.000   0.986   1    0.959
      169  0.000   0.984   1    0.937
      170  0.000   0.984   1    0.910
      171  0.000   0.983   1    0.863
      172  0.000   0.982   1    0.828
      173  0.000   0.982   1    0.802
      174  0.000   0.982   1    0.789
      175  0.000   0.982   1    0.782
      176  0.000   0.982   1    0.758
      177  0.000   0.982   1    0.723
      178  0.000   0.982   1    0.677
      179  0.000   0.981   1    0.642
      180  0.000   0.974   1    0.618
      181  0.000   0.972   1    0.590
      182  0.000   0.972   1    0.560
      183  0.000   0.972   1    0.526
      184  0.000   0.972   1    0.502
      185  0.000   0.696   1    0.457
      186  0.001   0.610   1    0.414
      187  0.002   0.598   1    0.392
      188  0.000   0.597   1    0.372
      189  0.000   0.554   1    0.346
      190  0.000   0.512   1    0.291
      191  0.000   0.511   1    0.236
      192  0.000   0.510   1    0.185
      193  0.000   0.510   1    0.142
      194  0.000   0.510   1    0.109
      195  0.000   0.510   1    0.086
      196  0.000   0.510   1    0.084
      197  0.001   0.510   1    0.084
      198  0.001   0.482   1    0.077
      199  0.000   0.481   1    0.049
      200  0.000   0.481   1    0.019
      201  0.000   0.480   1   -0.012
      202  0.000   0.478   1   -0.024
      203  0.000   0.452   1   -0.043
      204  0.000   0.443   1   -0.065
      205  0.000   0.442   1   -0.089
      206  0.000   0.442   1   -0.103
      207  0.000   0.442   1   -0.128
      208  0.000   0.442   1   -0.146
      209  0.000   0.442   1   -0.174
      210  0.000   0.442   1   -0.197
      211  0.000   0.442   1   -0.201
      212  0.000   0.442   1   -0.207
      213  0.000   0.442   1   -0.207
      214  0.000   0.441   1   -0.202
      215  0.000   0.441   1   -0.202
      216  0.000   0.441   1   -0.197
      217  0.000   0.438   1   -0.221
      218  0.000   0.438   1   -0.266
      219  0.000   0.438   1   -0.305
      220  0.000   0.438   1   -0.325
      221  0.000   0.438   1   -0.328
      222  0.000   0.438   1   -0.330
      223  0.000   0.437   1   -0.333
      224  0.000   0.436   1   -0.348
      225  0.000   0.436   1   -0.356
      226  0.000   0.436   1   -0.366
      227  0.000   0.435   1   -0.379
      228  0.000   0.435   1   -0.390
      229  0.000   0.431   1   -0.400
      230  0.000   0.431   1   -0.415
      231  0.000   0.401   1   -0.421
      232  0.000   0.397   1   -0.407
      233  0.000   0.396   1   -0.383
      234  0.000   0.396   1   -0.376
      235  0.000   0.396   1   -0.374
      236  0.000   0.394   1   -0.375
      237  0.000   0.116   0   -0.382
      238  0.000   0.035   0   -0.393
      239  0.000   0.007   0   -0.410
      240  0.000   0.006   0   -0.417
      241  0.000   0.006   0   -0.406
      242  0.000   0.006   0   -0.411
      243  0.000   0.006   0   -0.413
      244  0.000   0.006   0   -0.415
      245  0.000   0.006   0   -0.407
      246  0.000   0.006   0   -0.421
      247  0.000   0.006   0   -0.447
      248  0.000   0.006   0   -0.473
      249  0.000   0.006   0   -0.486
      250  0.000   0.006   0   -0.502
      251  0.000   0.006   0   -0.530
      252  0.000   0.006   0   -0.572
      253  0.000   0.006   0   -0.601
      254  0.000   0.006   0   -0.620
      255  0.000   0.006   0   -0.644
      256  0.000   0.006   0   -0.686
      257  0.000   0.006   0   -0.741
      258  0.000   0.006   0   -0.792
      259  0.000   0.006   0   -0.827
      260  0.000   0.006   0   -0.862
      261  0.000   0.006   0   -0.895
      262  0.000   0.006   0   -0.919
      263  0.000   0.006   0   -0.948
      264  0.000   0.006   0   -0.976
      265  0.000   0.006   0   -1.014
      266  0.000   0.006   0   -1.070
      267  0.000   0.006   0   -1.127
      268  0.000   0.006   0   -1.182
      269  0.000   0.007   0   -1.248
      270  0.000   0.007   0   -1.314
      271  0.000   0.007   0   -1.354
      272  0.000   0.007   0   -1.364
      273  0.000   0.007   0   -1.351
      274  0.000   0.007   0   -1.345
      275  0.000   0.007   0   -1.347
      276  0.000   0.007   0   -1.356
      277  0.000   0.007   0   -1.371
      278  0.000   0.007   0   -1.405
      279  0.000   0.007   0   -1.415
      280  0.003   0.010   0   -1.430
      281  0.001   0.011   0   -1.435
      282  0.000   0.012   0   -1.429
      283  0.000   0.012   0   -1.438
      284  0.000   0.012   0   -1.434
      285  0.000   0.012   0   -1.431
      286  0.000   0.012   0   -1.431
      287  0.000   0.012   0   -1.457
      288  0.012   0.024   0   -1.482
      289  0.003   0.027   0   -1.488
      290  0.004   0.031   0   -1.497
      291  0.001   0.032   0   -1.519
      292  0.003   0.035   0   -1.530
      293  0.004   0.039   0   -1.538
      294  0.000   0.040   0   -1.553
      295  0.001   0.040   0   -1.551
      296  0.021   0.061   0   -1.562
      297  0.001   0.062   0   -1.573
      298  0.000   0.062   0   -1.589
      299  0.000   0.062   0   -1.605
      300  0.000   0.062   0   -1.598
      301  0.000   0.062   0   -1.573
      302  0.000   0.062   0   -1.527
      303  0.000   0.062   0   -1.481
      304  0.000   0.062   0   -1.456
      305  0.000   0.062   0   -1.440
      306  0.000   0.062   0   -1.409
      307  0.000   0.062   0   -1.362
      308  0.000   0.062   0   -1.314
      309  0.000   0.062   0   -1.266
      310  0.000   0.062   0   -1.220
      311  0.000   0.062   0   -1.157
      312  0.000   0.062   0   -1.095
      313  0.000   0.062   0   -1.034
      314  0.000   0.062   0   -0.988
      315  0.000   0.062   0   -0.933
      316  0.000   0.062   0   -0.889
      317  0.000   0.062   0   -0.854
      318  0.000   0.062   0   -0.823
      319  0.000   0.062   0   -0.790
      320  0.000   0.062   0   -0.748
      321  0.000   0.062   0   -0.702
      322  0.000   0.062   0   -0.656
      323  0.000   0.062   0   -0.619
      324  0.000   0.062   0   -0.557
      325  0.000   0.062   0   -0.483
      326  0.000   0.062   0   -0.420
      327  0.000   0.062   0   -0.371
      328  0.000   0.062   0   -0.334
      329  0.000   0.062   0   -0.321
      330  0.000   0.062   0   -0.305
      331  0.000   0.062   0   -0.288
      332  0.000   0.062   0   -0.256
      333  0.000   0.060   0   -0.210
      334  0.000   0.058   0   -0.154
      335  0.000   0.058   0   -0.102
      336  0.000   0.058   0   -0.044
      337  0.000   0.058   0   -0.004
      338  0.000   0.058   0    0.049
      339  0.000   0.058   0    0.089
      340  0.000   0.058   0    0.117
      341  0.000   0.058   0    0.149
      342  0.000   0.058   0    0.196
      343  0.000   0.058   0    0.234
      344  0.000   0.057   0    0.256
      345  0.000   0.056   0    0.277
      346  0.000   0.056   0    0.307
      347  0.000   0.056   0    0.327
      348  0.002   0.058   0    0.339
      349  0.004   0.062   0    0.351
      350  0.000   0.062   0    0.348
      351  0.000   0.062   0    0.334
      352  0.000   0.062   0    0.328
      353  0.000   0.062   0    0.327
      354  0.002   0.065   0    0.336
      355  0.027   0.091   0    0.316
      356  0.044   0.135   0    0.295
      357  0.172   0.307   0    0.272
      358  0.100   0.407   0    0.254
      359  0.014   0.422   0    0.236
      360  0.212   0.634   0    0.216
      361  0.015   0.649   0    0.178
      362  0.004   0.653   0    0.123
      363  0.074   0.727   0    0.058
      364  0.225   0.951   1   -0.001
      365  0.007   0.959   1   -0.030
      366  0.001   0.959   1   -0.046
      367  0.000   0.959   1   -0.049
      368  0.000   0.960   1   -0.053
      369  0.004   0.964   1   -0.054
      370  0.005   0.968   1   -0.081
      371  0.003   0.972   1   -0.111
      372  0.007   0.979   1   -0.127
      373  0.000   0.979   1   -0.143
      374  0.000   0.979   1   -0.154
      375  0.000   0.979   1   -0.174
      376  0.000   0.979   1   -0.196
      377  0.000   0.979   1   -0.220
      378  0.000   0.979   1   -0.239
      379  0.000   0.979   1   -0.256
      380  0.000   0.979   1   -0.281
      381  0.000   0.980   1   -0.303
      382  0.000   0.980   1   -0.331
      383  0.000   0.980   1   -0.353
      384  0.000   0.980   1   -0.354
      385  0.000   0.981   1   -0.355
      386  0.003   0.983   1   -0.354
      387  0.006   0.989   1   -0.369
      388  0.000   0.989   1   -0.399
      389  0.000   0.989   1   -0.432
      390  0.000   0.989   1   -0.472
      391  0.000   0.989   1   -0.509
      392  0.002   0.991   1   -0.537
      393  0.003   0.994   1   -0.548
      394  0.000   0.994   1   -0.544
      395  0.000   0.994   1   -0.527
      396  0.000   0.994   1   -0.530
      397  0.000   0.994   1   -0.549
      398  0.000   0.994   1   -0.554
      399  0.000   0.994   1   -0.546
      400  0.000   0.994   1   -0.531
      401  0.000   0.994   1   -0.503
      402  0.000   0.994   1   -0.464
      403  0.000   0.994   1   -0.415
      404  0.000   0.994   1   -0.359
      405  0.000   0.994   1   -0.314
      406  0.000   0.994   1   -0.248
      407  0.000   0.994   1   -0.196
      408  0.000   0.994   1   -0.151
      409  0.000   0.994   1   -0.102
      410  0.000   0.994   1   -0.036
      411  0.000   0.994   1    0.013
      412  0.000   0.994   1    0.049
      413  0.000   0.994   1    0.076
      414  0.000   0.994   1    0.111
      415  0.000   0.994   1    0.168
      416  0.000   0.994   1    0.230
      417  0.000   0.994   1    0.301
      418  0.000   0.994   1    0.379
      419  0.000   0.994   1    0.445
      420  0.000   0.994   1    0.486
      421  0.000   0.994   1    0.514
      422  0.000   0.994   1    0.532
      423  0.000   0.994   1    0.538
      424  0.000   0.994   1    0.544
      425  0.000   0.994   1    0.564
      426  0.000   0.993   1    0.589
      427  0.000   0.990   1    0.614
      428  0.000   0.989   1    0.649
      429  0.000   0.989   1    0.677
      430  0.000   0.989   1    0.697
      431  0.000   0.989   1    0.737
      432  0.000   0.989   1    0.798
      433  0.000   0.989   1    0.865
      434  0.000   0.988   1    0.882
      435  0.000   0.976   1    0.902
      436  0.000   0.973   1    0.904
      437  0.000   0.969   1    0.925
      438  0.000   0.968   1    0.956
      439  0.000   0.965   1    0.988
      440  0.000   0.961   1    1.003
      441  0.000   0.961   1    1.010
      442  0.000   0.960   1    1.021
      443  0.000   0.939   1    1.045
      444  0.000   0.938   1    1.051
      445  0.000   0.938   1    1.067
      446  0.000   0.938   1    1.070
      447  0.000   0.938   1    1.068
      448  0.000   0.938   1    1.032
      449  0.000   0.938   1    0.994
      450  0.000   0.938   1    0.953
      451  0.000   0.938   1    0.927
      452  0.000   0.938   1    0.906
      453  0.000   0.938   1    0.864
      454  0.000   0.938   1    0.837
      455  0.000   0.938   1    0.809
      456  0.000   0.938   1    0.774
      457  0.000   0.938   1    0.743
      458  0.000   0.939   1    0.698
      459  0.000   0.939   1    0.654
      460  0.000   0.939   1    0.600
      461  0.000   0.939   1    0.526
      462  0.000   0.939   1    0.470
      463  0.000   0.939   1    0.424
      464  0.000   0.939   1    0.369
      465  0.000   0.939   1    0.313
      466  0.001   0.940   1    0.257
      467  0.001   0.941   1    0.199
      468  0.000   0.941   1    0.147
      469  0.000   0.941   1    0.108
      470  0.000   0.941   1    0.052
      471  0.000   0.941   1    0.009
      472  0.000   0.941   1   -0.043
      473  0.000   0.941   1   -0.115
      474  0.000   0.941   1   -0.179
      475  0.000   0.941   1   -0.231
      476  0.000   0.941   1   -0.273
      477  0.000   0.941   1   -0.327
      478  0.000   0.941   1   -0.371
      479  0.000   0.941   1   -0.415
      480  0.000   0.941   1   -0.460
      481  0.000   0.941   1   -0.507
      482  0.000   0.941   1   -0.554
      483  0.000   0.941   1   -0.598
      484  0.000   0.941   1   -0.636
      485  0.000   0.941   1   -0.659
      486  0.000   0.941   1   -0.713
      487  0.000   0.941   1   -0.782
      488  0.000   0.941   1   -0.857
      489  0.000   0.941   1   -0.895
      490  0.000   0.941   1   -0.931
      491  0.000   0.941   1   -0.955
      492  0.000   0.941   1   -0.984
      493  0.000   0.941   1   -1.019
      494  0.000   0.941   1   -1.063
      495  0.000   0.939   1   -1.107
      496  0.000   0.935   1   -1.152
      497  0.000   0.935   1   -1.182
      498  0.000   0.935   1   -1.209
      499  0.000   0.935   1   -1.220
      500  0.000   0.935   1   -1.236
      501  0.000   0.933   1   -1.244
      502  0.000   0.906   1   -1.259
      503  0.000   0.862   1   -1.242
      504  0.000   0.690   1   -1.232
      505  0.000   0.590   1   -1.232
      506  0.000   0.575   1   -1.250
      507  0.000   0.363   1   -1.265
      508  0.000   0.349   1   -1.253
      509  0.000   0.345   1   -1.241
      510  0.000   0.271   1   -1.231
      511  0.000   0.046   0   -1.222
      512  0.000   0.039   0   -1.212
      513  0.000   0.039   0   -1.198
      514  0.000   0.038   0   -1.185
      515  0.000   0.039   0   -1.159
      516  0.001   0.036   0   -1.133
      517  0.001   0.032   0   -1.120
      518  0.000   0.029   0   -1.104
      519  0.000   0.022   0   -1.087
      520  0.000   0.021   0   -1.076
      521  0.000   0.021   0   -1.050
      522  0.000   0.021   0   -1.025
      523  0.000   0.021   0   -1.024
      524  0.000   0.021   0   -1.027
      525  0.000   0.021   0   -1.023
      526  0.000   0.021   0   -1.021
      527  0.000   0.021   0   -1.017
      528  0.000   0.021   0   -0.994
      529  0.000   0.020   0   -0.965
      530  0.000   0.020   0   -0.950
      531  0.000   0.020   0   -0.948
      532  0.000   0.020   0   -0.935
      533  0.000   0.017   0   -0.908
      534  0.000   0.012   0   -0.879
      535  0.000   0.012   0   -0.855
      536  0.000   0.012   0   -0.831
      537  0.000   0.012   0   -0.816
      538  0.000   0.012   0   -0.814
      539  0.000   0.009   0   -0.814
      540  0.000   0.006   0   -0.810
      541  0.000   0.006   0   -0.789
      542  0.000   0.006   0   -0.755
      543  0.000   0.006   0   -0.720
      544  0.000   0.006   0   -0.692
      545  0.000   0.006   0   -0.693
      546  0.000   0.006   0   -0.705
      547  0.000   0.006   0   -0.724
      548  0.000   0.006   0   -0.752
      549  0.000   0.006   0   -0.775
      550  0.000   0.006   0   -0.778
      551  0.000   0.006   0   -0.778
      552  0.000   0.006   0   -0.775
      553  0.000   0.006   0   -0.763
      554  0.000   0.006   0   -0.759
      555  0.000   0.006   0   -0.762
      556  0.000   0.006   0   -0.770
      557  0.000   0.006   0   -0.775
      558  0.000   0.006   0   -0.801
      559  0.000   0.007   0   -0.827
      560  0.000   0.007   0   -0.830
      561  0.000   0.007   0   -0.805
      562  0.000   0.007   0   -0.777
      563  0.000   0.007   0   -0.763
      564  0.000   0.007   0   -0.778
      565  0.000   0.007   0   -0.801
      566  0.000   0.007   0   -0.842
      567  0.000   0.007   0   -0.900
      568  0.000   0.007   0   -0.945
      569  0.000   0.007   0   -0.988
      570  0.000   0.007   0   -1.024
      571  0.000   0.007   0   -1.044
      572  0.000   0.007   0   -1.063
      573  0.000   0.007   0   -1.094
      574  0.000   0.007   0   -1.135
      575  0.000   0.007   0   -1.174
      576  0.000   0.007   0   -1.222
      577  0.000   0.007   0   -1.260
      578  0.000   0.007   0   -1.288
      579  0.000   0.008   0   -1.322
      580  0.000   0.008   0   -1.336
      581  0.000   0.008   0   -1.350
      582  0.000   0.008   0   -1.353
      583  0.000   0.008   0   -1.379
      584  0.000   0.008   0   -1.408
      585  0.000   0.008   0   -1.440
      586  0.000   0.008   0   -1.471
      587  0.000   0.008   0   -1.506
      588  0.000   0.008   0   -1.523
      589  0.000   0.008   0   -1.546
      590  0.000   0.008   0   -1.564
      591  0.000   0.008   0   -1.578
      592  0.000   0.008   0   -1.591
      593  0.000   0.008   0   -1.596
      594  0.000   0.008   0   -1.595
      595  0.000   0.008   0   -1.597
      596  0.000   0.008   0   -1.593
      597  0.000   0.008   0   -1.604
      598  0.000   0.008   0   -1.610
      599  0.000   0.008   0   -1.624
      600  0.000   0.008   0   -1.638
      601  0.000   0.008   0   -1.638
      602  0.000   0.008   0   -1.630
      603  0.000   0.008   0   -1.603
      604  0.000   0.008   0   -1.572
      605  0.000   0.007   0   -1.544
      606  0.000   0.007   0   -1.521
      607  0.000   0.007   0   -1.514
      608  0.000   0.007   0   -1.534
      609  0.000   0.007   0   -1.559
      610  0.000   0.007   0   -1.575
      611  0.000   0.007   0   -1.581
      612  0.000   0.007   0   -1.571
      613  0.000   0.006   0   -1.553
      614  0.000   0.005   0   -1.537
      615  0.000   0.005   0   -1.548
      616  0.000   0.005   0   -1.565
      617  0.000   0.005   0   -1.588
      618  0.000   0.005   0   -1.617
      619  0.000   0.005   0   -1.638
      620  0.000   0.005   0   -1.661
      621  0.000   0.005   0   -1.659
      622  0.000   0.005   0   -1.635
      623  0.000   0.005   0   -1.598
      624  0.000   0.005   0   -1.569
      625  0.000   0.005   0   -1.546
      626  0.000   0.005   0   -1.535
      627  0.000   0.005   0   -1.523
      628  0.000   0.005   0   -1.521
      629  0.000   0.005   0   -1.521
      630  0.000   0.005   0   -1.524
      631  0.000   0.005   0   -1.521
      632  0.000   0.005   0   -1.508
      633  0.000   0.005   0   -1.483
      634  0.000   0.005   0   -1.455
      635  0.000   0.005   0   -1.437
      636  0.000   0.005   0   -1.449
      637  0.000   0.005   0   -1.463
      638  0.000   0.005   0   -1.444
      639  0.000   0.005   0   -1.427
      640  0.000   0.005   0   -1.407
      641  0.000   0.005   0   -1.385
      642  0.000   0.005   0   -1.354
      643  0.000   0.005   0   -1.339
      644  0.000   0.005   0   -1.312
      645  0.000   0.005   0   -1.300
      646  0.000   0.005   0   -1.304
      647  0.000   0.005   0   -1.317
      648  0.000   0.005   0   -1.341
      649  0.000   0.005   0   -1.365
      650  0.000   0.005   0   -1.381
      651  0.000   0.005   0   -1.399
      652  0.000   0.005   0   -1.399
      653  0.000   0.005   0   -1.411
      654  0.000   0.005   0   -1.416
      655  0.000   0.005   0   -1.399
      656  0.000   0.005   0   -1.381
      657  0.000   0.005   0   -1.371
      658  0.000   0.005   0   -1.396
      659  0.000   0.005   0   -1.413
      660  0.000   0.005   0   -1.420
      661  0.000   0.005   0   -1.406
      662  0.000   0.004   0   -1.408
      663  0.000   0.003   0   -1.399
      664  0.000   0.002   0   -1.392
      665  0.000   0.002   0   -1.375
      666  0.000   0.002   0   -1.370
      667  0.000   0.002   0   -1.366
      668  0.000   0.002   0   -1.357
      669  0.000   0.003   0   -1.359
      670  0.012   0.015   0   -1.372
      671  0.000   0.015   0   -1.394
      672  0.000   0.015   0   -1.406
      673  0.000   0.015   0   -1.406
      674  0.000   0.015   0   -1.383
      675  0.000   0.015   0   -1.352
      676  0.000   0.015   0   -1.326
      677  0.000   0.015   0   -1.316
      678  0.003   0.018   0   -1.332
      679  0.003   0.021   0   -1.344
      680  0.000   0.022   0   -1.361
      681  0.003   0.024   0   -1.375
      682  0.000   0.024   0   -1.379
      683  0.030   0.055   0   -1.370
      684  0.007   0.062   0   -1.336
      685  0.001   0.063   0   -1.301
      686  0.000   0.063   0   -1.265
      687  0.000   0.063   0   -1.248
      688  0.000   0.063   0   -1.243
      689  0.000   0.063   0   -1.244
      690  0.001   0.064   0   -1.269
      691  0.027   0.091   0   -1.258
      692  0.002   0.093   0   -1.248
      693  0.002   0.095   0   -1.242
      694  0.000   0.095   0   -1.228
      695  0.000   0.095   0   -1.208
      696  0.000   0.095   0   -1.183
      697  0.000   0.095   0   -1.163
      698  0.000   0.095   0   -1.154
      699  0.000   0.095   0   -1.161
      700  0.000   0.095   0   -1.153
      701  0.000   0.095   0   -1.130
      702  0.000   0.095   0   -1.085
      703  0.000   0.095   0   -1.038
      704  0.000   0.095   0   -0.999
      705  0.000   0.095   0   -0.962
      706  0.000   0.094   0   -0.937
      707  0.000   0.094   0   -0.937
      708  0.000   0.095   0   -0.926
      709  0.003   0.098   0   -0.903
      710  0.001   0.098   0   -0.889
      711  0.005   0.103   0   -0.870
      712  0.001   0.104   0   -0.844
      713  0.004   0.108   0   -0.790
      714  0.001   0.109   0   -0.739
      715  0.002   0.110   0   -0.705
      716  0.001   0.111   0   -0.671
      717  0.001   0.112   0   -0.634
      718  0.000   0.112   0   -0.603
      719  0.000   0.112   0   -0.576
      720  0.000   0.112   0   -0.556
      721  0.001   0.113   0   -0.525
      722  0.001   0.114   0   -0.491
      723  0.000   0.114   0   -0.476
      724  0.000   0.113   0   -0.433
      725  0.000   0.113   0   -0.367
      726  0.000   0.113   0   -0.306
      727  0.000   0.114   0   -0.244
      728  0.001   0.115   0   -0.202
      729  0.006   0.120   0   -0.159
      730  0.282   0.402   1   -0.117
      731  0.161   0.563   1   -0.088
      732  0.074   0.636   1   -0.067
      733  0.075   0.711   1   -0.049
      734  0.001   0.712   1   -0.024
      735  0.001   0.713   1    0.016
      736  0.001   0.713   1    0.074
      737  0.007   0.720   1    0.125
      738  0.000   0.720   1    0.175
      739  0.004   0.724   1    0.211
      740  0.008   0.733   1    0.230
      741  0.029   0.762   1    0.242
      742  0.003   0.764   1    0.250
      743  0.003   0.768   1    0.270
      744  0.000   0.768   1    0.279
      745  0.000   0.768   1    0.304
      746  0.000   0.768   1    0.312
      747  0.004   0.772   1    0.346
      748  0.008   0.779   1    0.364
      749  0.007   0.786   1    0.368
      750  0.000   0.787   1    0.371
      751  0.000   0.787   1    0.370
      752  0.000   0.787   1    0.369
      753  0.001   0.788   1    0.372
      754  0.002   0.789   1    0.408
      755  0.000   0.790   1    0.452
      756  0.000   0.790   1    0.493
      757  0.000   0.790   1    0.520
      758  0.000   0.790   1    0.545
      759  0.000   0.790   1    0.581
      760  0.000   0.790   1    0.602
      761  0.051   0.841   1    0.629
      762  0.020   0.860   1    0.668
      763  0.010   0.870   1    0.705
      764  0.000   0.871   1    0.727
      765  0.000   0.871   1    0.748
      766  0.000   0.871   1    0.754
      767  0.000   0.871   1    0.766
      768  0.000   0.871   1    0.766
      769  0.000   0.871   1    0.759
      770  0.000   0.871   1    0.741
      771  0.000   0.871   1    0.707
      772  0.000   0.871   1    0.699
      773  0.000   0.871   1    0.700
      774  0.004   0.875   1    0.715
      775  0.002   0.877   1    0.740
      776  0.012   0.890   1    0.774
      777  0.000   0.890   1    0.796
      778  0.007   0.896   1    0.816
      779  0.000   0.896   1    0.818
      780  0.000   0.896   1    0.806
      781  0.000   0.896   1    0.801
      782  0.000   0.896   1    0.789
      783  0.000   0.897   1    0.802
      784  0.000   0.897   1    0.785
      785  0.001   0.897   1    0.780
      786  0.002   0.900   1    0.784
      787  0.004   0.903   1    0.810
      788  0.000   0.903   1    0.834
      789  0.000   0.904   1    0.849
      790  0.000   0.904   1    0.852
      791  0.000   0.904   1    0.838
      792  0.000   0.904   1    0.823
      793  0.000   0.904   1    0.820
      794  0.000   0.904   1    0.823
      795  0.071   0.975   1    0.843
      796  0.015   0.991   1    0.855
      797  0.000   0.991   1    0.878
      798  0.000   0.991   1    0.899
      799  0.000   0.991   1    0.944
      800  0.000   0.991   1    0.983
      801  0.000   0.991   1    1.019
      802  0.000   0.991   1    1.032
      803  0.000   0.991   1    1.044
      804  0.000   0.991   1    1.065
      805  0.000   0.991   1    1.087
      806  0.000   0.991   1    1.114
      807  0.000   0.991   1    1.158
      808  0.000   0.991   1    1.194
      809  0.000   0.991   1    1.202
      810  0.000   0.991   1    1.186
      811  0.000   0.991   1    1.177
      812  0.000   0.991   1    1.155
      813  0.000   0.991   1    1.132
      814  0.000   0.991   1    1.097
      815  0.000   0.990   1    1.075
      816  0.000   0.990   1    1.049
      817  0.000   0.978   1    1.029
      818  0.000   0.978   1    1.020
      819  0.000   0.978   1    1.022
      820  0.000   0.978   1    1.037
      821  0.000   0.978   1    1.048
      822  0.000   0.978   1    1.058
      823  0.000   0.978   1    1.060
      824  0.000   0.978   1    1.075
      825  0.000   0.975   1    1.069
      826  0.000   0.972   1    1.066
      827  0.000   0.971   1    1.061
      828  0.000   0.969   1    1.053
      829  0.000   0.968   1    1.051
      830  0.000   0.938   1    1.021
      831  0.000   0.931   1    1.000
      832  0.000   0.930   1    0.982
      833  0.000   0.930   1    0.973
      834  0.000   0.930   1    0.953
      835  0.000   0.930   1    0.950
      836  0.000   0.930   1    0.939
      837  0.000   0.929   1    0.929
      838  0.000   0.902   1    0.903
      839  0.000   0.900   1    0.894
      840  0.000   0.898   1    0.882
      841  0.000   0.898   1    0.887
      842  0.000   0.898   1    0.880
      843  0.000   0.898   1    0.869
      844  0.000   0.898   1    0.862
      845  0.000   0.898   1    0.869
      846  0.000   0.898   1    0.870
      847  0.000   0.898   1    0.869
      848  0.000   0.898   1    0.839
      849  0.000   0.898   1    0.791
      850  0.000   0.898   1    0.752
      851  0.000   0.898   1    0.710
      852  0.000   0.898   1    0.688
      853  0.000   0.898   1    0.675
      854  0.000   0.898   1    0.650
      855  0.000   0.898   1    0.625
      856  0.000   0.895   1    0.599
      857  0.000   0.894   1    0.573
      858  0.000   0.889   1    0.550
      859  0.000   0.889   1    0.532
      860  0.000   0.884   1    0.520
      861  0.000   0.883   1    0.505
      862  0.000   0.882   1    0.464
      863  0.000   0.881   1    0.430
      864  0.000   0.880   1    0.410
      865  0.000   0.880   1    0.406
      866  0.000   0.880   1    0.402
      867  0.000   0.880   1    0.388
      868  0.000   0.879   1    0.392
      869  0.000   0.878   1    0.392
      870  0.000   0.878   1    0.388
      871  0.000   0.878   1    0.391
      872  0.000   0.878   1    0.405
      873  0.000   0.878   1    0.402
      874  0.000   0.878   1    0.388
      875  0.000   0.877   1    0.361
      876  0.000   0.871   1    0.329
      877  0.000   0.590   0    0.292
      878  0.000   0.429   0    0.263
      879  0.000   0.355   0    0.216
      880  0.000   0.281   0    0.204
      881  0.000   0.279   0    0.194
      882  0.000   0.279   0    0.187
      883  0.000   0.278   0    0.183
      884  0.000   0.271   0    0.179
      885  0.000   0.271   0    0.184
      886  0.000   0.267   0    0.163
      887  0.000   0.259   0    0.140
      888  0.000   0.230   0    0.117
      889  0.000   0.227   0    0.112
      890  0.000   0.224   0    0.100
      891  0.000   0.224   0    0.097
      892  0.000   0.224   0    0.100
      893  0.000   0.223   0    0.108
      894  0.000   0.220   0    0.123
      895  0.000   0.212   0    0.123
      896  0.000   0.205   0    0.105
      897  0.000   0.205   0    0.099
      898  0.000   0.205   0    0.092
      899  0.000   0.205   0    0.084
      900  0.000   0.204   0    0.056
      901  0.000   0.202   0    0.043
      902  0.000   0.202   0    0.033
      903  0.000   0.201   0    0.046
      904  0.000   0.201   0    0.068
      905  0.000   0.201   0    0.081
      906  0.000   0.201   0    0.107
      907  0.000   0.201   0    0.104
      908  0.000   0.151   0    0.091
      909  0.000   0.131   0    0.096
      910  0.000   0.121   0    0.098
      911  0.000   0.121   0    0.111
      912  0.000   0.121   0    0.111
      913  0.000   0.121   0    0.121
      914  0.000   0.121   0    0.110
      915  0.000   0.121   0    0.104
      916  0.000   0.121   0    0.112
      917  0.000   0.121   0    0.133
      918  0.000   0.122   0    0.137
      919  0.025   0.146   0    0.130
      920  0.000   0.146   0    0.126
      921  0.000   0.142   0    0.119
      922  0.000   0.140   0    0.115
      923  0.000   0.128   0    0.112
      924  0.000   0.127   0    0.108
      925  0.000   0.121   0    0.113
      926  0.000   0.121   0    0.110
      927  0.000   0.121   0    0.086
      928  0.000   0.121   0    0.078
      929  0.000   0.121   0    0.078
      930  0.000   0.121   0    0.090
      931  0.002   0.123   0    0.089
      932  0.000   0.123   0    0.086
      933  0.000   0.121   0    0.096
      934  0.000   0.118   0    0.132
      935  0.000   0.118   0    0.155
      936  0.000   0.117   0    0.183
      937  0.000   0.118   0    0.201
      938  0.000   0.118   0    0.214
      939  0.000   0.118   0    0.225
      940  0.000   0.118   0    0.231
      941  0.001   0.118   0    0.253
      942  0.002   0.049   0    0.264
      943  0.003   0.037   0    0.285
      944  0.000   0.037   0    0.280
      945  0.001   0.038   0    0.276
      946  0.000   0.038   0    0.282
      947  0.001   0.039   0    0.290
      948  0.013   0.052   0    0.265
      949  0.003   0.056   0    0.252
      950  0.000   0.056   0    0.246
      951  0.000   0.056   0    0.249
      952  0.000   0.056   0    0.243
      953  0.000   0.056   0    0.254
      954  0.002   0.058   0    0.272
      955  0.158   0.216   0    0.297
      956  0.256   0.473   1    0.318
      957  0.162   0.635   1    0.342
      958  0.056   0.691   1    0.365
      959  0.002   0.694   1    0.384
      960  0.032   0.725   1    0.399
      961  0.044   0.769   1    0.407
      962  0.015   0.784   1    0.428
      963  0.004   0.788   1    0.468
      964  0.017   0.805   1    0.499
      965  0.044   0.849   1    0.546
      966  0.151   1.000   1    0.573
      967  0.000   1.000   1    0.614
      968  0.000   1.000   1    0.632
      969  0.000   1.000   1    0.672
      970  0.000   1.000   1    0.687
      971  0.000   1.000   1    0.683
      972  0.000   1.000   1    0.671
      973  0.000   1.000   1    0.687
      974  0.000   1.000   1    0.710
      975  0.000   1.000   1    0.736
      976  0.000   1.000   1    0.760
      977  0.000   1.000   1    0.810
      978  0.000   1.000   1    0.844
      979  0.000   1.000   1    0.884
      980  0.000   1.000   1    0.913
      981  0.000   1.000   1    0.946
      982  0.000   1.000   1    0.982
      983  0.000   1.000   1    1.016
      984  0.000   1.000   1    1.037
      985  0.000   1.000   1    1.060
      986  0.000   1.000   1    1.101
      987  0.000   1.000   1    1.149
      988  0.000   1.000   1    1.186
      989  0.000   1.000   1    1.208
      990  0.000   1.000   1    1.226
      991  0.000   1.000   1    1.254
      992  0.000   1.000   1    1.267
      993  0.000   1.000   1    1.290
      994  0.000   1.000   1    1.316
      995  0.000   1.000   1    1.341
      996  0.000   1.000   1    1.352
      997  0.000   1.000   1    1.364
      998  0.000   1.000   1    1.367
      999  0.000   1.000   1    1.395
     1000  0.000   1.000   1    1.432
     1001  0.000   1.000   1    1.478
     1002  0.000   1.000   1    1.519
     1003  0.000   1.000   1    1.586
     1004  0.000   1.000   1    1.629
     1005  0.000   1.000   1    1.664
     1006  0.000   1.000   1    1.701
     1007  0.000   1.000   1    1.740
     1008  0.000   1.000   1    1.770
     1009  0.000   1.000   1    1.788
     1010  0.000   1.000   1    1.814
     1011  0.000   1.000   1    1.841
     1012  0.000   1.000   1    1.868
     1013  0.000   1.000   1    1.897
     1014  0.000   1.000   1    1.908
     1015  0.000   1.000   1    1.927
     1016  0.000   1.000   1    1.957
     1017  0.000   1.000   1    1.986
     1018  0.000   1.000   1    1.992
     1019  0.000   1.000   1    1.993
     1020  0.000   1.000   1    1.978
     1021  0.000   1.000   1    1.985
     1022  0.000   1.000   1    1.990
     1023  0.000   1.000   1    2.015
     1024  0.000   1.000   1    2.031
     1025  0.000   1.000   1    2.066
     1026  0.000   1.000   1    2.107
     1027  0.000   1.000   1    2.151
     1028  0.000   1.000   1    2.179
     1029  0.000   1.000   1    2.198
     1030  0.000   1.000   1    2.207
     1031  0.000   1.000   1    2.224
     1032  0.000   1.000   1    2.225
     1033  0.000   1.000   1    2.241
     1034  0.000   1.000   1    2.256
     1035  0.000   1.000   1    2.271
     1036  0.000   1.000   1    2.287
     1037  0.000   1.000   1    2.312
     1038  0.000   1.000   1    2.325
     1039  0.000   1.000   1    2.357
     1040  0.000   1.000   1    2.372
     1041  0.000   1.000   1    NA
     1042  0.000   1.000   1    NA
     1043  0.000   1.000   1    NA
     1044  0.000   1.000   1    NA
     1045  0.000   1.000   1    NA
     1046  0.000   1.000   1    NA
     1047  0.000   1.000   1    NA
     1048  0.000   1.000   1    NA
     1049  0.000   1.000   1    NA
     1050  0.000   1.000   1    NA
     1051  0.000   1.000   1    NA
     1052  0.000   1.000   1    NA
     1053  0.000   1.000   1    NA
     1054  0.000   1.000   1    NA
     1055  0.000   1.000   1    NA
     1056  0.000   1.000   1    NA
     1057  0.000   1.000   1    NA
     1058  0.000   1.000   1    NA
     1059  0.000   0.999   1    NA
     1060  0.000   0.999   1    NA
     1061  0.000   0.999   1    NA
     1062  0.000   0.999   1    NA
     1063  0.000   0.999   1    NA
     1064  0.000   0.999   1    NA
     1065  0.000   0.999   1    NA
     1066  0.000   0.974   1    NA
     1067  0.000   0.974   1    NA
     1068  0.000   0.974   1    NA
     1069  0.000   0.974   1    NA
     1070  0.000   0.974   1    NA
     1071  0.000   0.974   1    NA
     1072  0.000   0.974   1    NA
     1073  0.000   0.974   1    NA
     1074  0.000   0.974   1    NA
     1075  0.000   0.974   1    NA
     1076  0.000   0.973   1    NA
     1077  0.000   0.973   1    NA
     1078  0.000   0.971   1    NA
     1079  0.000   0.971   1    NA
     1080  0.000   0.971   1    NA
     1081  0.000   0.970   1    NA
     1082  0.000   0.970   1    NA
     1083  0.000   0.970   1    NA
     1084  0.000   0.970   1    NA
     1085  0.000   0.970   1    NA
     1086  0.000   0.969   1    NA
     1087  0.000   0.969   1    NA
     1088  0.000   0.969   1    NA
     1089  0.000   0.967   1    NA
     1090  0.000   0.963   1    NA
     1091  0.000   0.963   1    NA
     1092  0.000   0.962   1    NA
     1093  0.000   0.962   1    NA
     1094  0.000   0.961   1    NA
     1095  0.000   0.948   1    NA
     1096  0.000   0.944   1    NA
     1097  0.000   0.944   1    NA
     1098  0.000   0.944   1    NA
     1099  0.000   0.944   1    NA
     1100  0.000   0.944   1    NA
     1101  0.000   0.942   1    NA
     1102  0.000   0.784   1    NA
     1103  0.000   0.527   0    NA
     1104  0.000   0.365   0    NA
     1105  0.000   0.309   0    NA
     1106  0.000   0.306   0    NA
     1107  0.000   0.275   0    NA
     1108  0.000   0.231   0    NA
     1109  0.000   0.216   0    NA
     1110  0.000   0.212   0    NA
     1111  0.000   0.195   0    NA
     1112  0.000   0.151   0    NA
     1113  0.000   0.000   0    NA
