 Position  P-start Occup  N/L  Affinity
        1  0.000   0.000   0    NA
        2  0.000   0.000   0    NA
        3  0.000   0.001   0    NA
        4  0.000   0.001   0    NA
        5  0.000   0.001   0    NA
        6  0.000   0.001   0    NA
        7  0.001   0.003   0    NA
        8  0.001   0.003   0    NA
        9  0.000   0.003   0    NA
       10  0.000   0.003   0    NA
       11  0.000   0.003   0    NA
       12  0.000   0.004   0    NA
       13  0.001   0.005   0    NA
       14  0.000   0.005   0    NA
       15  0.001   0.006   0    NA
       16  0.000   0.006   0    NA
       17  0.000   0.006   0    NA
       18  0.000   0.006   0    NA
       19  0.002   0.008   0    NA
       20  0.003   0.011   0    NA
       21  0.002   0.013   0    NA
       22  0.001   0.015   0    NA
       23  0.000   0.015   0    NA
       24  0.001   0.016   0    NA
       25  0.001   0.017   0    NA
       26  0.000   0.017   0    NA
       27  0.000   0.017   0    NA
       28  0.000   0.017   0    NA
       29  0.000   0.017   0    NA
       30  0.000   0.017   0    NA
       31  0.000   0.017   0    NA
       32  0.001   0.018   0    NA
       33  0.006   0.025   0    NA
       34  0.002   0.027   0    NA
       35  0.000   0.027   0    NA
       36  0.000   0.027   0    NA
       37  0.000   0.027   0    NA
       38  0.274   0.302   0    NA
       39  0.086   0.388   0    NA
       40  0.014   0.402   0    NA
       41  0.001   0.403   0    NA
       42  0.042   0.446   0    NA
       43  0.042   0.488   0    NA
       44  0.001   0.489   0    NA
       45  0.000   0.489   0    NA
       46  0.000   0.490   0    NA
       47  0.001   0.490   0    NA
       48  0.000   0.490   0    NA
       49  0.000   0.490   0    NA
       50  0.000   0.491   0    NA
       51  0.029   0.520   0    NA
       52  0.000   0.520   0    NA
       53  0.000   0.520   0    NA
       54  0.001   0.521   0    NA
       55  0.002   0.523   0    NA
       56  0.026   0.549   0    NA
       57  0.009   0.558   0    NA
       58  0.000   0.559   0    NA
       59  0.000   0.559   0    NA
       60  0.000   0.559   0    NA
       61  0.000   0.559   0    NA
       62  0.000   0.559   0    NA
       63  0.000   0.559   0    NA
       64  0.000   0.559   0    NA
       65  0.000   0.559   0    NA
       66  0.000   0.560   0    NA
       67  0.000   0.560   0    NA
       68  0.000   0.560   0    NA
       69  0.000   0.560   0    NA
       70  0.002   0.563   0    NA
       71  0.000   0.563   0    NA
       72  0.000   0.563   0    NA
       73  0.000   0.563   0    NA
       74  0.000   0.563   0    1.208
       75  0.000   0.563   0    1.192
       76  0.000   0.564   0    1.187
       77  0.001   0.565   0    1.155
       78  0.000   0.565   0    1.176
       79  0.000   0.566   0    1.199
       80  0.000   0.566   0    1.216
       81  0.000   0.566   0    1.208
       82  0.004   0.570   0    1.187
       83  0.000   0.570   0    1.187
       84  0.030   0.600   0    1.222
       85  0.004   0.605   0    1.250
       86  0.000   0.605   0    1.274
       87  0.000   0.605   0    1.285
       88  0.000   0.605   0    1.313
       89  0.002   0.608   0    1.339
       90  0.280   0.888   1    1.346
       91  0.081   0.969   1    1.348
       92  0.028   0.997   1    1.348
       93  0.001   0.998   1    1.354
       94  0.000   0.998   1    1.350
       95  0.000   0.998   1    1.348
       96  0.000   0.998   1    1.353
       97  0.000   0.998   1    1.368
       98  0.000   0.998   1    1.366
       99  0.000   0.998   1    1.355
      100  0.000   0.998   1    1.360
      101  0.000   0.998   1    1.370
      102  0.000   0.999   1    1.395
      103  0.000   0.999   1    1.410
      104  0.000   0.999   1    1.416
      105  0.000   0.999   1    1.413
      106  0.000   0.999   1    1.410
      107  0.000   0.999   1    1.392
      108  0.000   0.999   1    1.381
      109  0.000   0.999   1    1.376
      110  0.000   0.999   1    1.383
      111  0.000   0.999   1    1.400
      112  0.000   0.999   1    1.418
      113  0.000   0.999   1    1.418
      114  0.000   0.999   1    1.409
      115  0.000   0.999   1    1.412
      116  0.000   0.999   1    1.416
      117  0.000   0.999   1    1.429
      118  0.000   0.999   1    1.431
      119  0.000   0.999   1    1.419
      120  0.000   0.999   1    1.397
      121  0.000   0.999   1    1.390
      122  0.000   0.999   1    1.386
      123  0.000   0.999   1    1.389
      124  0.000   0.999   1    1.389
      125  0.000   0.999   1    1.382
      126  0.000   0.999   1    1.377
      127  0.000   0.999   1    1.387
      128  0.000   0.999   1    1.409
      129  0.000   0.999   1    1.423
      130  0.000   0.999   1    1.450
      131  0.000   0.999   1    1.464
      132  0.000   0.999   1    1.488
      133  0.000   0.999   1    1.477
      134  0.000   0.999   1    1.467
      135  0.000   0.999   1    1.470
      136  0.000   0.999   1    1.502
      137  0.000   0.999   1    1.539
      138  0.000   0.999   1    1.555
      139  0.000   0.999   1    1.536
      140  0.000   0.999   1    1.511
      141  0.000   0.999   1    1.478
      142  0.000   0.999   1    1.454
      143  0.000   0.999   1    1.416
      144  0.000   0.999   1    1.385
      145  0.000   0.999   1    1.371
      146  0.000   0.999   1    1.358
      147  0.000   0.999   1    1.342
      148  0.000   0.999   1    1.326
      149  0.000   0.999   1    1.318
      150  0.000   0.998   1    1.311
      151  0.000   0.998   1    1.296
      152  0.000   0.998   1    1.280
      153  0.000   0.998   1    1.276
      154  0.000   0.996   1    1.283
      155  0.000   0.995   1    1.277
      156  0.000   0.995   1    1.258
      157  0.000   0.995   1    1.227
      158  0.000   0.995   1    1.190
      159  0.000   0.995   1    1.164
      160  0.000   0.994   1    1.153
      161  0.000   0.994   1    1.140
      162  0.000   0.993   1    1.139
      163  0.000   0.993   1    1.136
      164  0.000   0.993   1    1.130
      165  0.000   0.993   1    1.113
      166  0.000   0.991   1    1.091
      167  0.000   0.988   1    1.059
      168  0.000   0.986   1    1.047
      169  0.000   0.985   1    1.024
      170  0.000   0.984   1    0.998
      171  0.000   0.983   1    0.949
      172  0.000   0.982   1    0.914
      173  0.000   0.982   1    0.887
      174  0.000   0.982   1    0.875
      175  0.000   0.982   1    0.868
      176  0.000   0.982   1    0.843
      177  0.000   0.982   1    0.807
      178  0.000   0.982   1    0.762
      179  0.000   0.981   1    0.726
      180  0.000   0.974   1    0.701
      181  0.000   0.972   1    0.673
      182  0.000   0.972   1    0.642
      183  0.000   0.972   1    0.608
      184  0.000   0.972   1    0.584
      185  0.000   0.698   1    0.538
      186  0.001   0.612   1    0.494
      187  0.002   0.601   1    0.472
      188  0.000   0.599   1    0.452
      189  0.000   0.557   1    0.426
      190  0.000   0.515   1    0.370
      191  0.000   0.514   1    0.314
      192  0.000   0.513   1    0.263
      193  0.000   0.513   1    0.219
      194  0.000   0.512   1    0.185
      195  0.000   0.512   1    0.163
      196  0.000   0.513   1    0.160
      197  0.001   0.513   1    0.160
      198  0.001   0.485   1    0.153
      199  0.000   0.484   1    0.124
      200  0.000   0.484   1    0.094
      201  0.000   0.483   1    0.062
      202  0.000   0.481   1    0.051
      203  0.000   0.455   1    0.032
      204  0.000   0.446   1    0.008
      205  0.000   0.446   1   -0.015
      206  0.000   0.446   1   -0.029
      207  0.000   0.446   1   -0.055
      208  0.000   0.446   1   -0.074
      209  0.000   0.445   1   -0.102
      210  0.000   0.445   1   -0.125
      211  0.000   0.445   1   -0.129
      212  0.000   0.445   1   -0.135
      213  0.000   0.445   1   -0.135
      214  0.000   0.445   1   -0.130
      215  0.000   0.444   1   -0.130
      216  0.000   0.444   1   -0.125
      217  0.000   0.442   1   -0.149
      218  0.000   0.441   1   -0.195
      219  0.000   0.441   1   -0.234
      220  0.000   0.441   1   -0.254
      221  0.000   0.441   1   -0.257
      222  0.000   0.441   1   -0.260
      223  0.000   0.441   1   -0.263
      224  0.000   0.439   1   -0.278
      225  0.000   0.439   1   -0.286
      226  0.000   0.439   1   -0.296
      227  0.000   0.438   1   -0.309
      228  0.000   0.438   1   -0.321
      229  0.000   0.434   1   -0.331
      230  0.000   0.434   1   -0.346
      231  0.000   0.404   1   -0.352
      232  0.000   0.400   1   -0.338
      233  0.000   0.399   1   -0.313
      234  0.000   0.399   1   -0.306
      235  0.000   0.399   1   -0.304
      236  0.000   0.397   1   -0.305
      237  0.000   0.116   0   -0.313
      238  0.000   0.035   0   -0.324
      239  0.000   0.007   0   -0.340
      240  0.000   0.006   0   -0.347
      241  0.000   0.006   0   -0.336
      242  0.000   0.006   0   -0.342
      243  0.000   0.006   0   -0.344
      244  0.000   0.006   0   -0.346
      245  0.000   0.006   0   -0.338
      246  0.000   0.006   0   -0.352
      247  0.000   0.006   0   -0.379
      248  0.000   0.006   0   -0.404
      249  0.000   0.006   0   -0.418
      250  0.000   0.006   0   -0.434
      251  0.000   0.006   0   -0.462
      252  0.000   0.006   0   -0.505
      253  0.000   0.006   0   -0.535
      254  0.000   0.006   0   -0.553
      255  0.000   0.006   0   -0.578
      256  0.000   0.006   0   -0.621
      257  0.000   0.006   0   -0.676
      258  0.000   0.006   0   -0.728
      259  0.000   0.006   0   -0.764
      260  0.000   0.006   0   -0.799
      261  0.000   0.006   0   -0.833
      262  0.000   0.006   0   -0.857
      263  0.000   0.007   0   -0.886
      264  0.000   0.007   0   -0.915
      265  0.000   0.007   0   -0.953
      266  0.000   0.007   0   -1.010
      267  0.000   0.007   0   -1.068
      268  0.000   0.007   0   -1.123
      269  0.000   0.007   0   -1.191
      270  0.000   0.007   0   -1.257
      271  0.000   0.007   0   -1.298
      272  0.000   0.007   0   -1.308
      273  0.000   0.007   0   -1.295
      274  0.000   0.007   0   -1.289
      275  0.000   0.007   0   -1.290
      276  0.000   0.007   0   -1.300
      277  0.000   0.007   0   -1.315
      278  0.000   0.007   0   -1.349
      279  0.001   0.007   0   -1.360
      280  0.005   0.012   0   -1.375
      281  0.001   0.014   0   -1.379
      282  0.000   0.014   0   -1.373
      283  0.000   0.014   0   -1.382
      284  0.000   0.014   0   -1.379
      285  0.000   0.014   0   -1.375
      286  0.000   0.014   0   -1.376
      287  0.000   0.014   0   -1.402
      288  0.017   0.032   0   -1.427
      289  0.005   0.037   0   -1.433
      290  0.006   0.042   0   -1.443
      291  0.002   0.044   0   -1.464
      292  0.005   0.049   0   -1.476
      293  0.006   0.055   0   -1.484
      294  0.000   0.055   0   -1.499
      295  0.001   0.056   0   -1.498
      296  0.030   0.085   0   -1.509
      297  0.001   0.087   0   -1.519
      298  0.000   0.087   0   -1.536
      299  0.000   0.087   0   -1.552
      300  0.000   0.087   0   -1.544
      301  0.000   0.087   0   -1.520
      302  0.000   0.087   0   -1.473
      303  0.000   0.087   0   -1.426
      304  0.000   0.087   0   -1.401
      305  0.000   0.087   0   -1.385
      306  0.000   0.087   0   -1.353
      307  0.000   0.087   0   -1.306
      308  0.000   0.087   0   -1.257
      309  0.000   0.087   0   -1.208
      310  0.000   0.087   0   -1.162
      311  0.000   0.087   0   -1.098
      312  0.000   0.087   0   -1.035
      313  0.000   0.087   0   -0.974
      314  0.000   0.087   0   -0.927
      315  0.000   0.087   0   -0.871
      316  0.000   0.087   0   -0.826
      317  0.000   0.087   0   -0.791
      318  0.000   0.087   0   -0.760
      319  0.000   0.087   0   -0.726
      320  0.000   0.087   0   -0.684
      321  0.000   0.087   0   -0.637
      322  0.000   0.087   0   -0.590
      323  0.000   0.087   0   -0.553
      324  0.000   0.087   0   -0.489
      325  0.000   0.087   0   -0.415
      326  0.000   0.087   0   -0.351
      327  0.000   0.087   0   -0.301
      328  0.000   0.087   0   -0.264
      329  0.000   0.087   0   -0.250
      330  0.000   0.087   0   -0.234
      331  0.000   0.087   0   -0.217
      332  0.000   0.087   0   -0.185
      333  0.000   0.085   0   -0.138
      334  0.000   0.083   0   -0.081
      335  0.000   0.083   0   -0.028
      336  0.000   0.083   0    0.030
      337  0.000   0.083   0    0.071
      338  0.000   0.083   0    0.125
      339  0.000   0.083   0    0.165
      340  0.000   0.083   0    0.193
      341  0.000   0.083   0    0.226
      342  0.000   0.083   0    0.274
      343  0.000   0.083   0    0.313
      344  0.000   0.082   0    0.334
      345  0.000   0.081   0    0.355
      346  0.000   0.081   0    0.386
      347  0.000   0.081   0    0.406
      348  0.002   0.083   0    0.419
      349  0.003   0.087   0    0.431
      350  0.000   0.087   0    0.428
      351  0.000   0.087   0    0.414
      352  0.000   0.087   0    0.407
      353  0.000   0.087   0    0.407
      354  0.001   0.088   0    0.415
      355  0.017   0.105   0    0.396
      356  0.039   0.144   0    0.374
      357  0.246   0.390   0    0.350
      358  0.111   0.501   0    0.332
      359  0.007   0.508   0    0.314
      360  0.091   0.599   0    0.294
      361  0.006   0.605   0    0.255
      362  0.004   0.608   0    0.199
      363  0.089   0.698   0    0.134
      364  0.257   0.955   1    0.074
      365  0.006   0.961   1    0.044
      366  0.000   0.962   1    0.028
      367  0.000   0.962   1    0.025
      368  0.000   0.962   1    0.021
      369  0.005   0.967   1    0.019
      370  0.004   0.971   1   -0.013
      371  0.002   0.973   1   -0.051
      372  0.003   0.976   1   -0.068
      373  0.000   0.976   1   -0.079
      374  0.000   0.977   1   -0.087
      375  0.000   0.977   1   -0.111
      376  0.000   0.977   1   -0.138
      377  0.000   0.977   1   -0.166
      378  0.000   0.977   1   -0.184
      379  0.000   0.977   1   -0.201
      380  0.000   0.977   1   -0.229
      381  0.000   0.977   1   -0.258
      382  0.001   0.978   1   -0.293
      383  0.000   0.978   1   -0.321
      384  0.000   0.978   1   -0.325
      385  0.000   0.978   1   -0.329
      386  0.002   0.980   1   -0.332
      387  0.004   0.984   1   -0.356
      388  0.000   0.984   1   -0.394
      389  0.000   0.984   1   -0.433
      390  0.000   0.984   1   -0.476
      391  0.000   0.984   1   -0.518
      392  0.002   0.985   1   -0.551
      393  0.004   0.989   1   -0.564
      394  0.000   0.989   1   -0.562
      395  0.000   0.989   1   -0.546
      396  0.000   0.989   1   -0.551
      397  0.000   0.989   1   -0.573
      398  0.000   0.989   1   -0.580
      399  0.000   0.989   1   -0.575
      400  0.000   0.989   1   -0.565
      401  0.000   0.989   1   -0.540
      402  0.000   0.989   1   -0.503
      403  0.000   0.989   1   -0.454
      404  0.000   0.989   1   -0.397
      405  0.000   0.989   1   -0.356
      406  0.000   0.989   1   -0.294
      407  0.000   0.989   1   -0.246
      408  0.000   0.989   1   -0.203
      409  0.000   0.988   1   -0.154
      410  0.000   0.988   1   -0.089
      411  0.000   0.988   1   -0.040
      412  0.000   0.988   1   -0.007
      413  0.000   0.988   1    0.018
      414  0.000   0.988   1    0.051
      415  0.000   0.988   1    0.109
      416  0.000   0.988   1    0.169
      417  0.000   0.988   1    0.238
      418  0.000   0.988   1    0.313
      419  0.000   0.988   1    0.378
      420  0.000   0.988   1    0.418
      421  0.000   0.988   1    0.445
      422  0.000   0.988   1    0.461
      423  0.000   0.988   1    0.463
      424  0.000   0.988   1    0.464
      425  0.000   0.988   1    0.485
      426  0.000   0.987   1    0.516
      427  0.000   0.983   1    0.543
      428  0.000   0.981   1    0.571
      429  0.000   0.981   1    0.592
      430  0.000   0.981   1    0.610
      431  0.000   0.981   1    0.650
      432  0.000   0.981   1    0.712
      433  0.000   0.981   1    0.776
      434  0.000   0.980   1    0.791
      435  0.000   0.963   1    0.810
      436  0.000   0.958   1    0.815
      437  0.000   0.952   1    0.839
      438  0.000   0.951   1    0.874
      439  0.000   0.946   1    0.909
      440  0.000   0.940   1    0.926
      441  0.000   0.940   1    0.936
      442  0.000   0.939   1    0.950
      443  0.000   0.909   1    0.974
      444  0.000   0.908   1    0.980
      445  0.000   0.908   1    0.994
      446  0.000   0.908   1    0.997
      447  0.000   0.908   1    0.993
      448  0.000   0.908   1    0.953
      449  0.000   0.908   1    0.912
      450  0.000   0.908   1    0.870
      451  0.000   0.908   1    0.847
      452  0.000   0.908   1    0.828
      453  0.000   0.908   1    0.788
      454  0.000   0.908   1    0.763
      455  0.000   0.908   1    0.741
      456  0.000   0.908   1    0.706
      457  0.000   0.908   1    0.672
      458  0.000   0.908   1    0.620
      459  0.000   0.908   1    0.570
      460  0.000   0.908   1    0.514
      461  0.000   0.908   1    0.439
      462  0.000   0.908   1    0.382
      463  0.000   0.908   1    0.334
      464  0.000   0.908   1    0.277
      465  0.000   0.908   1    0.220
      466  0.000   0.909   1    0.163
      467  0.000   0.909   1    0.106
      468  0.000   0.909   1    0.055
      469  0.000   0.909   1    0.013
      470  0.000   0.909   1   -0.046
      471  0.000   0.909   1   -0.091
      472  0.000   0.909   1   -0.144
      473  0.000   0.909   1   -0.215
      474  0.000   0.909   1   -0.280
      475  0.000   0.909   1   -0.334
      476  0.000   0.909   1   -0.380
      477  0.000   0.909   1   -0.436
      478  0.000   0.909   1   -0.481
      479  0.000   0.909   1   -0.523
      480  0.000   0.909   1   -0.564
      481  0.000   0.909   1   -0.610
      482  0.000   0.909   1   -0.658
      483  0.000   0.909   1   -0.702
      484  0.000   0.909   1   -0.739
      485  0.000   0.909   1   -0.761
      486  0.000   0.909   1   -0.814
      487  0.000   0.909   1   -0.885
      488  0.000   0.909   1   -0.958
      489  0.000   0.909   1   -0.995
      490  0.000   0.909   1   -1.028
      491  0.000   0.909   1   -1.052
      492  0.000   0.909   1   -1.080
      493  0.000   0.909   1   -1.117
      494  0.000   0.909   1   -1.163
      495  0.000   0.907   1   -1.209
      496  0.000   0.904   1   -1.254
      497  0.000   0.904   1   -1.279
      498  0.000   0.904   1   -1.301
      499  0.000   0.904   1   -1.308
      500  0.000   0.904   1   -1.323
      501  0.000   0.903   1   -1.328
      502  0.000   0.885   1   -1.340
      503  0.000   0.847   1   -1.319
      504  0.000   0.600   1   -1.310
      505  0.000   0.489   1   -1.312
      506  0.000   0.482   1   -1.335
      507  0.000   0.392   1   -1.351
      508  0.000   0.386   1   -1.340
      509  0.000   0.383   1   -1.330
      510  0.000   0.294   1   -1.324
      511  0.000   0.036   0   -1.315
      512  0.000   0.030   0   -1.306
      513  0.000   0.030   0   -1.286
      514  0.000   0.030   0   -1.269
      515  0.000   0.030   0   -1.238
      516  0.001   0.026   0   -1.207
      517  0.001   0.023   0   -1.190
      518  0.000   0.021   0   -1.170
      519  0.000   0.018   0   -1.150
      520  0.000   0.018   0   -1.137
      521  0.000   0.018   0   -1.109
      522  0.000   0.018   0   -1.083
      523  0.000   0.018   0   -1.081
      524  0.000   0.018   0   -1.080
      525  0.000   0.018   0   -1.073
      526  0.000   0.018   0   -1.067
      527  0.000   0.018   0   -1.060
      528  0.000   0.017   0   -1.034
      529  0.000   0.017   0   -1.002
      530  0.000   0.017   0   -0.985
      531  0.000   0.017   0   -0.979
      532  0.000   0.016   0   -0.960
      533  0.000   0.014   0   -0.930
      534  0.000   0.011   0   -0.897
      535  0.000   0.011   0   -0.872
      536  0.000   0.011   0   -0.849
      537  0.000   0.011   0   -0.834
      538  0.000   0.011   0   -0.830
      539  0.000   0.009   0   -0.827
      540  0.000   0.005   0   -0.819
      541  0.000   0.005   0   -0.793
      542  0.000   0.005   0   -0.755
      543  0.000   0.005   0   -0.719
      544  0.000   0.005   0   -0.689
      545  0.000   0.005   0   -0.690
      546  0.000   0.005   0   -0.700
      547  0.000   0.005   0   -0.715
      548  0.000   0.005   0   -0.740
      549  0.000   0.005   0   -0.762
      550  0.000   0.005   0   -0.763
      551  0.000   0.005   0   -0.762
      552  0.000   0.005   0   -0.758
      553  0.000   0.005   0   -0.745
      554  0.000   0.005   0   -0.740
      555  0.000   0.005   0   -0.739
      556  0.000   0.005   0   -0.745
      557  0.000   0.005   0   -0.748
      558  0.000   0.005   0   -0.771
      559  0.000   0.006   0   -0.792
      560  0.000   0.006   0   -0.792
      561  0.000   0.006   0   -0.763
      562  0.000   0.006   0   -0.733
      563  0.000   0.006   0   -0.717
      564  0.000   0.006   0   -0.731
      565  0.000   0.006   0   -0.751
      566  0.000   0.006   0   -0.789
      567  0.000   0.006   0   -0.843
      568  0.000   0.006   0   -0.887
      569  0.000   0.006   0   -0.928
      570  0.000   0.006   0   -0.963
      571  0.000   0.006   0   -0.983
      572  0.000   0.006   0   -1.003
      573  0.000   0.006   0   -1.034
      574  0.000   0.006   0   -1.075
      575  0.000   0.006   0   -1.115
      576  0.000   0.006   0   -1.164
      577  0.000   0.006   0   -1.203
      578  0.000   0.006   0   -1.231
      579  0.000   0.006   0   -1.265
      580  0.000   0.006   0   -1.279
      581  0.000   0.006   0   -1.294
      582  0.000   0.006   0   -1.297
      583  0.000   0.006   0   -1.323
      584  0.000   0.006   0   -1.352
      585  0.000   0.006   0   -1.385
      586  0.000   0.006   0   -1.416
      587  0.000   0.006   0   -1.452
      588  0.000   0.006   0   -1.469
      589  0.000   0.006   0   -1.492
      590  0.000   0.006   0   -1.510
      591  0.000   0.006   0   -1.524
      592  0.000   0.006   0   -1.538
      593  0.000   0.006   0   -1.543
      594  0.000   0.006   0   -1.541
      595  0.000   0.006   0   -1.544
      596  0.000   0.006   0   -1.540
      597  0.000   0.006   0   -1.551
      598  0.000   0.006   0   -1.557
      599  0.000   0.006   0   -1.571
      600  0.000   0.006   0   -1.586
      601  0.000   0.006   0   -1.585
      602  0.000   0.006   0   -1.578
      603  0.000   0.006   0   -1.550
      604  0.000   0.006   0   -1.519
      605  0.000   0.006   0   -1.490
      606  0.000   0.006   0   -1.467
      607  0.000   0.006   0   -1.459
      608  0.000   0.006   0   -1.480
      609  0.000   0.006   0   -1.505
      610  0.000   0.006   0   -1.522
      611  0.000   0.006   0   -1.528
      612  0.000   0.006   0   -1.517
      613  0.000   0.006   0   -1.500
      614  0.000   0.005   0   -1.483
      615  0.000   0.005   0   -1.494
      616  0.000   0.005   0   -1.511
      617  0.000   0.005   0   -1.535
      618  0.000   0.005   0   -1.564
      619  0.000   0.005   0   -1.585
      620  0.000   0.005   0   -1.609
      621  0.000   0.005   0   -1.607
      622  0.000   0.005   0   -1.582
      623  0.000   0.005   0   -1.545
      624  0.000   0.005   0   -1.515
      625  0.000   0.005   0   -1.492
      626  0.000   0.005   0   -1.481
      627  0.000   0.005   0   -1.468
      628  0.000   0.005   0   -1.467
      629  0.000   0.005   0   -1.467
      630  0.000   0.005   0   -1.470
      631  0.000   0.005   0   -1.467
      632  0.000   0.005   0   -1.454
      633  0.000   0.005   0   -1.428
      634  0.000   0.005   0   -1.400
      635  0.000   0.005   0   -1.382
      636  0.000   0.005   0   -1.394
      637  0.000   0.005   0   -1.408
      638  0.000   0.005   0   -1.389
      639  0.000   0.005   0   -1.372
      640  0.000   0.005   0   -1.351
      641  0.000   0.005   0   -1.330
      642  0.000   0.005   0   -1.298
      643  0.000   0.005   0   -1.283
      644  0.000   0.005   0   -1.255
      645  0.000   0.005   0   -1.243
      646  0.000   0.005   0   -1.246
      647  0.000   0.005   0   -1.260
      648  0.000   0.005   0   -1.284
      649  0.000   0.005   0   -1.309
      650  0.000   0.005   0   -1.325
      651  0.000   0.005   0   -1.344
      652  0.000   0.005   0   -1.343
      653  0.000   0.005   0   -1.355
      654  0.000   0.005   0   -1.361
      655  0.000   0.005   0   -1.343
      656  0.000   0.005   0   -1.325
      657  0.000   0.005   0   -1.315
      658  0.000   0.005   0   -1.340
      659  0.000   0.005   0   -1.357
      660  0.000   0.005   0   -1.365
      661  0.000   0.005   0   -1.350
      662  0.000   0.004   0   -1.352
      663  0.000   0.003   0   -1.343
      664  0.000   0.002   0   -1.336
      665  0.000   0.002   0   -1.319
      666  0.000   0.002   0   -1.313
      667  0.000   0.002   0   -1.310
      668  0.001   0.003   0   -1.300
      669  0.001   0.004   0   -1.303
      670  0.022   0.025   0   -1.315
      671  0.001   0.026   0   -1.338
      672  0.000   0.026   0   -1.350
      673  0.000   0.026   0   -1.350
      674  0.000   0.026   0   -1.327
      675  0.000   0.026   0   -1.296
      676  0.000   0.026   0   -1.269
      677  0.000   0.026   0   -1.259
      678  0.005   0.032   0   -1.275
      679  0.005   0.037   0   -1.288
      680  0.001   0.038   0   -1.305
      681  0.005   0.043   0   -1.319
      682  0.000   0.043   0   -1.322
      683  0.055   0.099   0   -1.314
      684  0.013   0.111   0   -1.279
      685  0.003   0.114   0   -1.244
      686  0.000   0.114   0   -1.208
      687  0.000   0.114   0   -1.191
      688  0.000   0.114   0   -1.185
      689  0.000   0.114   0   -1.186
      690  0.001   0.115   0   -1.211
      691  0.007   0.122   0   -1.201
      692  0.018   0.139   0   -1.190
      693  0.010   0.149   0   -1.184
      694  0.000   0.149   0   -1.170
      695  0.000   0.149   0   -1.150
      696  0.000   0.149   0   -1.124
      697  0.000   0.149   0   -1.104
      698  0.000   0.149   0   -1.095
      699  0.000   0.149   0   -1.102
      700  0.000   0.149   0   -1.094
      701  0.000   0.149   0   -1.071
      702  0.000   0.149   0   -1.025
      703  0.000   0.149   0   -0.977
      704  0.000   0.149   0   -0.938
      705  0.000   0.149   0   -0.900
      706  0.000   0.149   0   -0.875
      707  0.000   0.149   0   -0.875
      708  0.000   0.149   0   -0.864
      709  0.012   0.161   0   -0.841
      710  0.003   0.164   0   -0.826
      711  0.009   0.174   0   -0.807
      712  0.001   0.175   0   -0.780
      713  0.009   0.184   0   -0.726
      714  0.005   0.189   0   -0.674
      715  0.003   0.191   0   -0.640
      716  0.000   0.192   0   -0.605
      717  0.001   0.193   0   -0.567
      718  0.000   0.193   0   -0.536
      719  0.000   0.193   0   -0.509
      720  0.000   0.193   0   -0.489
      721  0.001   0.194   0   -0.457
      722  0.001   0.195   0   -0.423
      723  0.000   0.195   0   -0.408
      724  0.000   0.194   0   -0.364
      725  0.000   0.194   0   -0.297
      726  0.000   0.194   0   -0.235
      727  0.000   0.195   0   -0.172
      728  0.001   0.196   0   -0.130
      729  0.005   0.201   0   -0.086
      730  0.256   0.457   1   -0.044
      731  0.191   0.648   1   -0.014
      732  0.147   0.796   1    0.007
      733  0.106   0.901   1    0.025
      734  0.001   0.903   1    0.051
      735  0.001   0.904   1    0.091
      736  0.001   0.904   1    0.149
      737  0.003   0.907   1    0.201
      738  0.000   0.908   1    0.251
      739  0.005   0.913   1    0.289
      740  0.012   0.925   1    0.308
      741  0.015   0.940   1    0.317
      742  0.001   0.940   1    0.319
      743  0.001   0.941   1    0.335
      744  0.000   0.941   1    0.342
      745  0.000   0.941   1    0.363
      746  0.000   0.941   1    0.367
      747  0.004   0.945   1    0.398
      748  0.004   0.949   1    0.418
      749  0.002   0.951   1    0.427
      750  0.000   0.951   1    0.433
      751  0.000   0.951   1    0.431
      752  0.000   0.951   1    0.428
      753  0.000   0.952   1    0.430
      754  0.000   0.952   1    0.466
      755  0.000   0.952   1    0.513
      756  0.000   0.952   1    0.556
      757  0.000   0.952   1    0.585
      758  0.000   0.952   1    0.609
      759  0.000   0.952   1    0.646
      760  0.000   0.952   1    0.673
      761  0.002   0.954   1    0.702
      762  0.002   0.956   1    0.739
      763  0.002   0.958   1    0.776
      764  0.000   0.958   1    0.796
      765  0.000   0.958   1    0.818
      766  0.000   0.958   1    0.823
      767  0.000   0.958   1    0.833
      768  0.000   0.958   1    0.831
      769  0.000   0.958   1    0.823
      770  0.000   0.958   1    0.805
      771  0.000   0.958   1    0.769
      772  0.000   0.958   1    0.755
      773  0.000   0.958   1    0.753
      774  0.000   0.959   1    0.767
      775  0.001   0.959   1    0.789
      776  0.004   0.963   1    0.821
      777  0.000   0.963   1    0.842
      778  0.002   0.966   1    0.863
      779  0.000   0.966   1    0.864
      780  0.000   0.966   1    0.850
      781  0.000   0.966   1    0.844
      782  0.000   0.966   1    0.830
      783  0.000   0.966   1    0.837
      784  0.000   0.966   1    0.817
      785  0.000   0.966   1    0.811
      786  0.001   0.967   1    0.814
      787  0.002   0.969   1    0.836
      788  0.000   0.969   1    0.853
      789  0.000   0.969   1    0.860
      790  0.000   0.969   1    0.856
      791  0.000   0.969   1    0.839
      792  0.000   0.969   1    0.821
      793  0.000   0.969   1    0.815
      794  0.000   0.969   1    0.812
      795  0.012   0.981   1    0.827
      796  0.003   0.984   1    0.837
      797  0.000   0.984   1    0.857
      798  0.000   0.984   1    0.875
      799  0.000   0.984   1    0.915
      800  0.000   0.984   1    0.952
      801  0.000   0.984   1    0.988
      802  0.000   0.984   1    1.002
      803  0.000   0.984   1    1.008
      804  0.000   0.984   1    1.016
      805  0.000   0.984   1    1.020
      806  0.000   0.984   1    1.034
      807  0.000   0.984   1    1.066
      808  0.000   0.984   1    1.092
      809  0.000   0.984   1    1.092
      810  0.000   0.984   1    1.070
      811  0.000   0.984   1    1.055
      812  0.000   0.984   1    1.028
      813  0.000   0.984   1    1.002
      814  0.000   0.984   1    0.962
      815  0.000   0.983   1    0.929
      816  0.000   0.982   1    0.891
      817  0.000   0.960   1    0.869
      818  0.000   0.960   1    0.855
      819  0.000   0.960   1    0.852
      820  0.000   0.960   1    0.855
      821  0.000   0.960   1    0.860
      822  0.000   0.960   1    0.866
      823  0.000   0.959   1    0.864
      824  0.000   0.959   1    0.873
      825  0.000   0.954   1    0.865
      826  0.000   0.949   1    0.856
      827  0.000   0.948   1    0.848
      828  0.000   0.943   1    0.832
      829  0.000   0.942   1    0.823
      830  0.000   0.887   1    0.788
      831  0.000   0.874   1    0.765
      832  0.000   0.872   1    0.744
      833  0.000   0.872   1    0.729
      834  0.000   0.872   1    0.701
      835  0.000   0.872   1    0.694
      836  0.000   0.872   1    0.676
      837  0.000   0.871   1    0.659
      838  0.000   0.864   1    0.631
      839  0.000   0.846   1    0.618
      840  0.000   0.836   1    0.602
      841  0.000   0.836   1    0.599
      842  0.000   0.836   1    0.587
      843  0.000   0.836   1    0.575
      844  0.000   0.836   1    0.567
      845  0.000   0.836   1    0.568
      846  0.000   0.836   1    0.561
      847  0.000   0.836   1    0.552
      848  0.000   0.836   1    0.520
      849  0.000   0.836   1    0.472
      850  0.000   0.836   1    0.437
      851  0.000   0.836   1    0.397
      852  0.000   0.836   1    0.378
      853  0.000   0.836   1    0.363
      854  0.000   0.836   1    0.336
      855  0.000   0.836   1    0.314
      856  0.000   0.824   1    0.290
      857  0.000   0.821   1    0.266
      858  0.000   0.812   1    0.241
      859  0.000   0.810   1    0.225
      860  0.000   0.801   1    0.216
      861  0.000   0.796   1    0.203
      862  0.000   0.794   1    0.166
      863  0.000   0.793   1    0.140
      864  0.000   0.792   1    0.121
      865  0.000   0.792   1    0.114
      866  0.000   0.792   1    0.106
      867  0.000   0.792   1    0.093
      868  0.000   0.791   1    0.097
      869  0.000   0.790   1    0.097
      870  0.000   0.790   1    0.097
      871  0.000   0.790   1    0.106
      872  0.000   0.790   1    0.114
      873  0.000   0.790   1    0.104
      874  0.000   0.790   1    0.081
      875  0.000   0.789   1    0.054
      876  0.000   0.783   1    0.019
      877  0.000   0.527   0   -0.021
      878  0.000   0.336   0   -0.052
      879  0.000   0.189   0   -0.097
      880  0.000   0.083   0   -0.106
      881  0.000   0.082   0   -0.113
      882  0.000   0.081   0   -0.118
      883  0.000   0.080   0   -0.114
      884  0.000   0.077   0   -0.111
      885  0.000   0.077   0   -0.103
      886  0.000   0.072   0   -0.127
      887  0.000   0.059   0   -0.153
      888  0.000   0.045   0   -0.175
      889  0.000   0.044   0   -0.177
      890  0.000   0.043   0   -0.188
      891  0.000   0.043   0   -0.191
      892  0.000   0.043   0   -0.189
      893  0.000   0.043   0   -0.181
      894  0.000   0.039   0   -0.166
      895  0.000   0.035   0   -0.165
      896  0.000   0.033   0   -0.181
      897  0.000   0.033   0   -0.189
      898  0.000   0.033   0   -0.197
      899  0.000   0.033   0   -0.202
      900  0.000   0.033   0   -0.218
      901  0.000   0.032   0   -0.219
      902  0.000   0.032   0   -0.220
      903  0.000   0.032   0   -0.210
      904  0.000   0.032   0   -0.190
      905  0.000   0.032   0   -0.185
      906  0.000   0.032   0   -0.164
      907  0.000   0.032   0   -0.162
      908  0.000   0.030   0   -0.168
      909  0.000   0.028   0   -0.154
      910  0.000   0.027   0   -0.152
      911  0.000   0.027   0   -0.143
      912  0.000   0.026   0   -0.142
      913  0.000   0.026   0   -0.125
      914  0.000   0.026   0   -0.122
      915  0.000   0.026   0   -0.116
      916  0.000   0.026   0   -0.092
      917  0.000   0.026   0   -0.056
      918  0.000   0.027   0   -0.047
      919  0.004   0.031   0   -0.049
      920  0.000   0.031   0   -0.052
      921  0.000   0.030   0   -0.057
      922  0.000   0.030   0   -0.064
      923  0.000   0.026   0   -0.066
      924  0.000   0.026   0   -0.065
      925  0.000   0.024   0   -0.058
      926  0.000   0.024   0   -0.063
      927  0.000   0.024   0   -0.079
      928  0.000   0.024   0   -0.075
      929  0.000   0.024   0   -0.058
      930  0.000   0.024   0   -0.032
      931  0.002   0.026   0   -0.020
      932  0.000   0.025   0   -0.013
      933  0.001   0.025   0    0.003
      934  0.000   0.023   0    0.041
      935  0.000   0.024   0    0.066
      936  0.000   0.023   0    0.096
      937  0.000   0.024   0    0.118
      938  0.000   0.024   0    0.133
      939  0.000   0.024   0    0.139
      940  0.000   0.024   0    0.133
      941  0.000   0.024   0    0.147
      942  0.000   0.013   0    0.163
      943  0.003   0.013   0    0.187
      944  0.000   0.013   0    0.187
      945  0.004   0.016   0    0.190
      946  0.000   0.016   0    0.206
      947  0.000   0.017   0    0.224
      948  0.004   0.021   0    0.209
      949  0.002   0.023   0    0.203
      950  0.000   0.023   0    0.206
      951  0.000   0.023   0    0.222
      952  0.000   0.023   0    0.230
      953  0.001   0.024   0    0.252
      954  0.004   0.028   0    0.276
      955  0.291   0.319   1    0.302
      956  0.222   0.541   1    0.324
      957  0.209   0.750   1    0.347
      958  0.051   0.802   1    0.375
      959  0.003   0.805   1    0.396
      960  0.017   0.822   1    0.421
      961  0.038   0.860   1    0.439
      962  0.018   0.878   1    0.464
      963  0.005   0.883   1    0.503
      964  0.020   0.903   1    0.530
      965  0.023   0.926   1    0.579
      966  0.074   1.000   1    0.607
      967  0.000   1.000   1    0.638
      968  0.000   1.000   1    0.647
      969  0.000   1.000   1    0.682
      970  0.000   1.000   1    0.701
      971  0.000   1.000   1    0.697
      972  0.000   1.000   1    0.680
      973  0.000   1.000   1    0.695
      974  0.000   1.000   1    0.722
      975  0.000   1.000   1    0.756
      976  0.000   1.000   1    0.785
      977  0.000   1.000   1    0.842
      978  0.000   1.000   1    0.877
      979  0.000   1.000   1    0.921
      980  0.000   1.000   1    0.953
      981  0.000   1.000   1    0.994
      982  0.000   1.000   1    1.033
      983  0.000   1.000   1    1.071
      984  0.000   1.000   1    1.091
      985  0.000   1.000   1    1.110
      986  0.000   1.000   1    1.140
      987  0.000   1.000   1    1.188
      988  0.000   1.000   1    1.223
      989  0.000   1.000   1    1.248
      990  0.000   1.000   1    1.269
      991  0.000   1.000   1    1.303
      992  0.000   1.000   1    1.319
      993  0.000   1.000   1    1.344
      994  0.000   1.000   1    1.372
      995  0.000   1.000   1    1.414
      996  0.000   1.000   1    1.439
      997  0.000   1.000   1    1.455
      998  0.000   1.000   1    1.464
      999  0.000   1.000   1    1.496
     1000  0.000   1.000   1    1.537
     1001  0.000   1.000   1    1.586
     1002  0.000   1.000   1    1.627
     1003  0.000   1.000   1    1.696
     1004  0.000   1.000   1    1.738
     1005  0.000   1.000   1    1.773
     1006  0.000   1.000   1    1.803
     1007  0.000   1.000   1    1.839
     1008  0.000   1.000   1    1.871
     1009  0.000   1.000   1    1.892
     1010  0.000   1.000   1    1.918
     1011  0.000   1.000   1    1.945
     1012  0.000   1.000   1    1.973
     1013  0.000   1.000   1    2.003
     1014  0.000   1.000   1    2.019
     1015  0.000   1.000   1    2.038
     1016  0.000   1.000   1    2.067
     1017  0.000   1.000   1    2.093
     1018  0.000   1.000   1    2.103
     1019  0.000   1.000   1    2.108
     1020  0.000   1.000   1    2.099
     1021  0.000   1.000   1    2.113
     1022  0.000   1.000   1    2.129
     1023  0.000   1.000   1    2.164
     1024  0.000   1.000   1    2.179
     1025  0.000   1.000   1    2.213
     1026  0.000   1.000   1    2.251
     1027  0.000   1.000   1    2.296
     1028  0.000   1.000   1    2.324
     1029  0.000   1.000   1    2.342
     1030  0.000   1.000   1    2.350
     1031  0.000   1.000   1    2.369
     1032  0.000   1.000   1    2.371
     1033  0.000   1.000   1    2.387
     1034  0.000   1.000   1    2.398
     1035  0.000   1.000   1    2.413
     1036  0.000   1.000   1    2.425
     1037  0.000   1.000   1    2.450
     1038  0.000   1.000   1    2.459
     1039  0.000   1.000   1    2.494
     1040  0.000   1.000   1    2.513
     1041  0.000   1.000   1    NA
     1042  0.000   1.000   1    NA
     1043  0.000   1.000   1    NA
     1044  0.000   1.000   1    NA
     1045  0.000   1.000   1    NA
     1046  0.000   1.000   1    NA
     1047  0.000   1.000   1    NA
     1048  0.000   1.000   1    NA
     1049  0.000   1.000   1    NA
     1050  0.000   1.000   1    NA
     1051  0.000   1.000   1    NA
     1052  0.000   1.000   1    NA
     1053  0.000   1.000   1    NA
     1054  0.000   1.000   1    NA
     1055  0.000   1.000   1    NA
     1056  0.000   1.000   1    NA
     1057  0.000   1.000   1    NA
     1058  0.000   1.000   1    NA
     1059  0.000   1.000   1    NA
     1060  0.000   1.000   1    NA
     1061  0.000   1.000   1    NA
     1062  0.000   1.000   1    NA
     1063  0.000   1.000   1    NA
     1064  0.000   1.000   1    NA
     1065  0.000   1.000   1    NA
     1066  0.000   0.995   1    NA
     1067  0.000   0.995   1    NA
     1068  0.000   0.995   1    NA
     1069  0.000   0.995   1    NA
     1070  0.000   0.995   1    NA
     1071  0.000   0.995   1    NA
     1072  0.000   0.995   1    NA
     1073  0.000   0.995   1    NA
     1074  0.000   0.995   1    NA
     1075  0.000   0.995   1    NA
     1076  0.000   0.995   1    NA
     1077  0.000   0.995   1    NA
     1078  0.000   0.993   1    NA
     1079  0.000   0.993   1    NA
     1080  0.000   0.992   1    NA
     1081  0.000   0.992   1    NA
     1082  0.000   0.992   1    NA
     1083  0.000   0.992   1    NA
     1084  0.000   0.991   1    NA
     1085  0.000   0.991   1    NA
     1086  0.000   0.991   1    NA
     1087  0.000   0.991   1    NA
     1088  0.000   0.991   1    NA
     1089  0.000   0.990   1    NA
     1090  0.000   0.988   1    NA
     1091  0.000   0.987   1    NA
     1092  0.000   0.984   1    NA
     1093  0.000   0.984   1    NA
     1094  0.000   0.983   1    NA
     1095  0.000   0.979   1    NA
     1096  0.000   0.977   1    NA
     1097  0.000   0.977   1    NA
     1098  0.000   0.977   1    NA
     1099  0.000   0.977   1    NA
     1100  0.000   0.976   1    NA
     1101  0.000   0.972   1    NA
     1102  0.000   0.681   0    NA
     1103  0.000   0.459   0    NA
     1104  0.000   0.250   0    NA
     1105  0.000   0.198   0    NA
     1106  0.000   0.195   0    NA
     1107  0.000   0.178   0    NA
     1108  0.000   0.140   0    NA
     1109  0.000   0.122   0    NA
     1110  0.000   0.117   0    NA
     1111  0.000   0.097   0    NA
     1112  0.000   0.074   0    NA
     1113  0.000   0.000   0    NA
