 Position  P-start Occup  N/L  Affinity
        1  0.000   0.000   0    NA
        2  0.000   0.000   0    NA
        3  0.000   0.001   0    NA
        4  0.000   0.001   0    NA
        5  0.000   0.001   0    NA
        6  0.000   0.001   0    NA
        7  0.001   0.003   0    NA
        8  0.001   0.004   0    NA
        9  0.000   0.004   0    NA
       10  0.000   0.004   0    NA
       11  0.000   0.004   0    NA
       12  0.000   0.004   0    NA
       13  0.001   0.005   0    NA
       14  0.000   0.005   0    NA
       15  0.001   0.006   0    NA
       16  0.000   0.006   0    NA
       17  0.000   0.006   0    NA
       18  0.000   0.006   0    NA
       19  0.002   0.008   0    NA
       20  0.003   0.011   0    NA
       21  0.002   0.014   0    NA
       22  0.001   0.015   0    NA
       23  0.000   0.015   0    NA
       24  0.001   0.016   0    NA
       25  0.001   0.017   0    NA
       26  0.000   0.017   0    NA
       27  0.000   0.017   0    NA
       28  0.000   0.017   0    NA
       29  0.000   0.017   0    NA
       30  0.000   0.017   0    NA
       31  0.000   0.017   0    NA
       32  0.001   0.019   0    NA
       33  0.007   0.025   0    NA
       34  0.002   0.028   0    NA
       35  0.000   0.028   0    NA
       36  0.000   0.028   0    NA
       37  0.000   0.028   0    NA
       38  0.277   0.305   0    NA
       39  0.087   0.392   0    NA
       40  0.014   0.406   0    NA
       41  0.002   0.407   0    NA
       42  0.043   0.450   0    NA
       43  0.043   0.493   0    NA
       44  0.001   0.494   0    NA
       45  0.000   0.494   0    NA
       46  0.000   0.494   0    NA
       47  0.001   0.495   0    NA
       48  0.000   0.495   0    NA
       49  0.000   0.495   0    NA
       50  0.000   0.495   0    NA
       51  0.029   0.525   0    NA
       52  0.000   0.525   0    NA
       53  0.000   0.525   0    NA
       54  0.001   0.526   0    NA
       55  0.002   0.528   0    NA
       56  0.026   0.555   0    NA
       57  0.009   0.564   0    NA
       58  0.000   0.564   0    NA
       59  0.000   0.564   0    NA
       60  0.000   0.564   0    NA
       61  0.000   0.564   0    NA
       62  0.000   0.565   0    NA
       63  0.000   0.565   0    NA
       64  0.000   0.565   0    NA
       65  0.000   0.565   0    NA
       66  0.000   0.565   0    NA
       67  0.000   0.565   0    NA
       68  0.000   0.566   0    NA
       69  0.000   0.566   0    NA
       70  0.002   0.568   0    NA
       71  0.000   0.569   0    NA
       72  0.000   0.569   0    NA
       73  0.000   0.569   0    NA
       74  0.000   0.569   0    1.074
       75  0.000   0.569   0    1.059
       76  0.000   0.569   0    1.055
       77  0.001   0.571   0    1.024
       78  0.000   0.571   0    1.044
       79  0.000   0.571   0    1.066
       80  0.000   0.572   0    1.082
       81  0.000   0.572   0    1.074
       82  0.004   0.576   0    1.055
       83  0.000   0.576   0    1.054
       84  0.030   0.606   0    1.087
       85  0.004   0.610   0    1.114
       86  0.000   0.611   0    1.137
       87  0.000   0.611   0    1.147
       88  0.000   0.611   0    1.173
       89  0.002   0.613   0    1.198
       90  0.276   0.890   1    1.205
       91  0.080   0.970   1    1.207
       92  0.027   0.997   1    1.207
       93  0.001   0.998   1    1.212
       94  0.000   0.998   1    1.209
       95  0.000   0.998   1    1.207
       96  0.000   0.998   1    1.211
       97  0.000   0.998   1    1.226
       98  0.000   0.998   1    1.223
       99  0.000   0.998   1    1.213
      100  0.000   0.998   1    1.218
      101  0.000   0.998   1    1.227
      102  0.000   0.998   1    1.251
      103  0.000   0.999   1    1.265
      104  0.000   0.999   1    1.270
      105  0.000   0.999   1    1.268
      106  0.000   0.999   1    1.265
      107  0.000   0.999   1    1.248
      108  0.000   0.999   1    1.238
      109  0.000   0.999   1    1.233
      110  0.000   0.999   1    1.239
      111  0.000   0.999   1    1.255
      112  0.000   0.999   1    1.272
      113  0.000   0.999   1    1.273
      114  0.000   0.999   1    1.265
      115  0.000   0.999   1    1.267
      116  0.000   0.999   1    1.271
      117  0.000   0.999   1    1.283
      118  0.000   0.999   1    1.285
      119  0.000   0.999   1    1.274
      120  0.000   0.999   1    1.253
      121  0.000   0.999   1    1.246
      122  0.000   0.999   1    1.242
      123  0.000   0.999   1    1.245
      124  0.000   0.999   1    1.246
      125  0.000   0.999   1    1.239
      126  0.000   0.999   1    1.234
      127  0.000   0.999   1    1.243
      128  0.000   0.999   1    1.264
      129  0.000   0.999   1    1.277
      130  0.000   0.999   1    1.303
      131  0.000   0.999   1    1.316
      132  0.000   0.999   1    1.339
      133  0.000   0.999   1    1.329
      134  0.000   0.999   1    1.319
      135  0.000   0.999   1    1.322
      136  0.000   0.999   1    1.352
      137  0.000   0.999   1    1.387
      138  0.000   0.999   1    1.402
      139  0.000   0.999   1    1.384
      140  0.000   0.999   1    1.361
      141  0.000   0.999   1    1.330
      142  0.000   0.999   1    1.306
      143  0.000   0.999   1    1.270
      144  0.000   0.999   1    1.241
      145  0.000   0.999   1    1.228
      146  0.000   0.999   1    1.216
      147  0.000   0.999   1    1.201
      148  0.000   0.999   1    1.186
      149  0.000   0.999   1    1.178
      150  0.000   0.998   1    1.172
      151  0.000   0.998   1    1.158
      152  0.000   0.998   1    1.142
      153  0.000   0.997   1    1.138
      154  0.000   0.996   1    1.145
      155  0.000   0.995   1    1.140
      156  0.000   0.995   1    1.122
      157  0.000   0.995   1    1.092
      158  0.000   0.995   1    1.058
      159  0.000   0.995   1    1.033
      160  0.000   0.994   1    1.022
      161  0.000   0.994   1    1.010
      162  0.000   0.993   1    1.009
      163  0.000   0.993   1    1.007
      164  0.000   0.993   1    1.001
      165  0.000   0.993   1    0.985
      166  0.000   0.991   1    0.964
      167  0.000   0.988   1    0.934
      168  0.000   0.985   1    0.923
      169  0.000   0.984   1    0.901
      170  0.000   0.984   1    0.876
      171  0.000   0.983   1    0.831
      172  0.000   0.982   1    0.797
      173  0.000   0.982   1    0.772
      174  0.000   0.982   1    0.760
      175  0.000   0.982   1    0.753
      176  0.000   0.982   1    0.730
      177  0.000   0.982   1    0.697
      178  0.000   0.982   1    0.653
      179  0.000   0.981   1    0.620
      180  0.000   0.974   1    0.596
      181  0.000   0.972   1    0.570
      182  0.000   0.972   1    0.541
      183  0.000   0.972   1    0.508
      184  0.000   0.971   1    0.485
      185  0.000   0.695   1    0.442
      186  0.001   0.609   1    0.401
      187  0.002   0.597   1    0.380
      188  0.000   0.596   1    0.361
      189  0.000   0.553   1    0.337
      190  0.000   0.510   1    0.284
      191  0.000   0.509   1    0.231
      192  0.000   0.509   1    0.183
      193  0.000   0.509   1    0.141
      194  0.000   0.508   1    0.110
      195  0.000   0.508   1    0.088
      196  0.000   0.508   1    0.085
      197  0.001   0.509   1    0.086
      198  0.001   0.480   1    0.079
      199  0.000   0.480   1    0.052
      200  0.000   0.480   1    0.024
      201  0.000   0.479   1   -0.006
      202  0.000   0.476   1   -0.018
      203  0.000   0.450   1   -0.035
      204  0.000   0.441   1   -0.057
      205  0.000   0.440   1   -0.079
      206  0.000   0.440   1   -0.093
      207  0.000   0.440   1   -0.117
      208  0.000   0.440   1   -0.135
      209  0.000   0.440   1   -0.162
      210  0.000   0.440   1   -0.183
      211  0.000   0.440   1   -0.187
      212  0.000   0.440   1   -0.193
      213  0.000   0.439   1   -0.192
      214  0.000   0.439   1   -0.188
      215  0.000   0.439   1   -0.188
      216  0.000   0.439   1   -0.183
      217  0.000   0.436   1   -0.206
      218  0.000   0.436   1   -0.249
      219  0.000   0.436   1   -0.286
      220  0.000   0.436   1   -0.305
      221  0.000   0.436   1   -0.308
      222  0.000   0.436   1   -0.310
      223  0.000   0.435   1   -0.313
      224  0.000   0.434   1   -0.327
      225  0.000   0.434   1   -0.335
      226  0.000   0.433   1   -0.344
      227  0.000   0.433   1   -0.357
      228  0.000   0.433   1   -0.368
      229  0.000   0.429   1   -0.377
      230  0.000   0.428   1   -0.391
      231  0.000   0.399   1   -0.398
      232  0.000   0.395   1   -0.384
      233  0.000   0.394   1   -0.361
      234  0.000   0.394   1   -0.354
      235  0.000   0.394   1   -0.352
      236  0.000   0.391   1   -0.353
      237  0.000   0.115   0   -0.360
      238  0.000   0.035   0   -0.371
      239  0.000   0.008   0   -0.386
      240  0.000   0.006   0   -0.393
      241  0.000   0.006   0   -0.383
      242  0.000   0.006   0   -0.388
      243  0.000   0.006   0   -0.390
      244  0.000   0.006   0   -0.391
      245  0.000   0.006   0   -0.384
      246  0.000   0.006   0   -0.397
      247  0.000   0.006   0   -0.423
      248  0.000   0.006   0   -0.447
      249  0.000   0.006   0   -0.460
      250  0.000   0.006   0   -0.474
      251  0.000   0.006   0   -0.501
      252  0.000   0.006   0   -0.542
      253  0.000   0.006   0   -0.570
      254  0.000   0.006   0   -0.587
      255  0.000   0.006   0   -0.611
      256  0.000   0.006   0   -0.651
      257  0.000   0.006   0   -0.703
      258  0.000   0.006   0   -0.752
      259  0.000   0.006   0   -0.786
      260  0.000   0.006   0   -0.819
      261  0.000   0.006   0   -0.851
      262  0.000   0.006   0   -0.874
      263  0.000   0.006   0   -0.901
      264  0.000   0.006   0   -0.928
      265  0.000   0.006   0   -0.964
      266  0.000   0.006   0   -1.018
      267  0.000   0.006   0   -1.073
      268  0.000   0.006   0   -1.125
      269  0.000   0.006   0   -1.189
      270  0.000   0.006   0   -1.252
      271  0.000   0.006   0   -1.290
      272  0.000   0.006   0   -1.299
      273  0.000   0.006   0   -1.287
      274  0.000   0.006   0   -1.281
      275  0.000   0.006   0   -1.283
      276  0.000   0.006   0   -1.292
      277  0.000   0.006   0   -1.306
      278  0.000   0.006   0   -1.338
      279  0.000   0.006   0   -1.348
      280  0.001   0.007   0   -1.362
      281  0.000   0.008   0   -1.367
      282  0.000   0.008   0   -1.361
      283  0.000   0.008   0   -1.370
      284  0.000   0.008   0   -1.366
      285  0.000   0.008   0   -1.363
      286  0.000   0.008   0   -1.363
      287  0.000   0.008   0   -1.388
      288  0.008   0.016   0   -1.412
      289  0.001   0.017   0   -1.417
      290  0.002   0.019   0   -1.427
      291  0.000   0.019   0   -1.447
      292  0.001   0.020   0   -1.458
      293  0.002   0.022   0   -1.465
      294  0.000   0.022   0   -1.480
      295  0.000   0.022   0   -1.478
      296  0.014   0.037   0   -1.489
      297  0.001   0.038   0   -1.499
      298  0.000   0.038   0   -1.514
      299  0.000   0.038   0   -1.529
      300  0.000   0.038   0   -1.523
      301  0.000   0.038   0   -1.499
      302  0.000   0.038   0   -1.455
      303  0.000   0.038   0   -1.411
      304  0.000   0.038   0   -1.387
      305  0.000   0.038   0   -1.372
      306  0.000   0.038   0   -1.342
      307  0.000   0.038   0   -1.297
      308  0.000   0.038   0   -1.251
      309  0.000   0.038   0   -1.205
      310  0.000   0.038   0   -1.162
      311  0.000   0.038   0   -1.101
      312  0.000   0.038   0   -1.042
      313  0.000   0.038   0   -0.984
      314  0.000   0.038   0   -0.940
      315  0.000   0.038   0   -0.887
      316  0.000   0.038   0   -0.845
      317  0.000   0.038   0   -0.811
      318  0.000   0.038   0   -0.782
      319  0.000   0.038   0   -0.750
      320  0.000   0.038   0   -0.710
      321  0.000   0.038   0   -0.666
      322  0.000   0.038   0   -0.622
      323  0.000   0.038   0   -0.587
      324  0.000   0.037   0   -0.527
      325  0.000   0.037   0   -0.457
      326  0.000   0.037   0   -0.397
      327  0.000   0.037   0   -0.349
      328  0.000   0.037   0   -0.315
      329  0.000   0.037   0   -0.301
      330  0.000   0.037   0   -0.287
      331  0.000   0.037   0   -0.273
      332  0.000   0.037   0   -0.241
      333  0.000   0.036   0   -0.195
      334  0.000   0.034   0   -0.139
      335  0.000   0.034   0   -0.089
      336  0.000   0.034   0   -0.032
      337  0.000   0.034   0    0.005
      338  0.000   0.034   0    0.055
      339  0.000   0.034   0    0.094
      340  0.000   0.034   0    0.121
      341  0.000   0.034   0    0.152
      342  0.000   0.034   0    0.200
      343  0.000   0.033   0    0.240
      344  0.000   0.033   0    0.263
      345  0.000   0.032   0    0.283
      346  0.000   0.032   0    0.315
      347  0.000   0.032   0    0.338
      348  0.000   0.032   0    0.353
      349  0.001   0.034   0    0.364
      350  0.000   0.034   0    0.360
      351  0.000   0.034   0    0.347
      352  0.000   0.034   0    0.342
      353  0.001   0.035   0    0.345
      354  0.001   0.036   0    0.356
      355  0.008   0.044   0    0.343
      356  0.027   0.070   0    0.327
      357  0.036   0.107   0    0.308
      358  0.193   0.299   0    0.290
      359  0.038   0.338   0    0.273
      360  0.201   0.538   0    0.255
      361  0.006   0.544   0    0.222
      362  0.001   0.545   0    0.173
      363  0.046   0.591   0    0.114
      364  0.372   0.963   1    0.059
      365  0.017   0.980   1    0.035
      366  0.001   0.981   1    0.025
      367  0.000   0.982   1    0.026
      368  0.000   0.982   1    0.025
      369  0.001   0.983   1    0.026
      370  0.001   0.984   1    0.003
      371  0.001   0.984   1   -0.024
      372  0.002   0.986   1   -0.037
      373  0.000   0.986   1   -0.051
      374  0.000   0.986   1   -0.059
      375  0.000   0.986   1   -0.077
      376  0.000   0.986   1   -0.095
      377  0.000   0.986   1   -0.116
      378  0.000   0.986   1   -0.130
      379  0.000   0.986   1   -0.142
      380  0.000   0.986   1   -0.163
      381  0.000   0.987   1   -0.183
      382  0.001   0.988   1   -0.209
      383  0.001   0.989   1   -0.228
      384  0.000   0.989   1   -0.232
      385  0.000   0.989   1   -0.232
      386  0.001   0.990   1   -0.227
      387  0.005   0.995   1   -0.240
      388  0.000   0.995   1   -0.269
      389  0.000   0.995   1   -0.302
      390  0.000   0.995   1   -0.340
      391  0.000   0.995   1   -0.376
      392  0.002   0.997   1   -0.402
      393  0.001   0.998   1   -0.412
      394  0.000   0.998   1   -0.411
      395  0.000   0.998   1   -0.395
      396  0.000   0.998   1   -0.397
      397  0.000   0.998   1   -0.414
      398  0.000   0.998   1   -0.420
      399  0.000   0.998   1   -0.404
      400  0.000   0.998   1   -0.385
      401  0.000   0.998   1   -0.359
      402  0.000   0.998   1   -0.323
      403  0.000   0.998   1   -0.281
      404  0.000   0.998   1   -0.220
      405  0.000   0.998   1   -0.169
      406  0.000   0.998   1   -0.103
      407  0.000   0.998   1   -0.055
      408  0.000   0.998   1   -0.014
      409  0.000   0.998   1    0.031
      410  0.000   0.998   1    0.094
      411  0.000   0.998   1    0.144
      412  0.000   0.998   1    0.180
      413  0.000   0.998   1    0.208
      414  0.000   0.998   1    0.242
      415  0.000   0.998   1    0.294
      416  0.000   0.998   1    0.347
      417  0.000   0.998   1    0.409
      418  0.000   0.998   1    0.480
      419  0.000   0.998   1    0.543
      420  0.000   0.998   1    0.579
      421  0.000   0.998   1    0.602
      422  0.000   0.998   1    0.618
      423  0.000   0.998   1    0.625
      424  0.000   0.998   1    0.634
      425  0.000   0.998   1    0.650
      426  0.000   0.998   1    0.675
      427  0.000   0.996   1    0.702
      428  0.000   0.996   1    0.741
      429  0.000   0.996   1    0.774
      430  0.000   0.996   1    0.798
      431  0.000   0.996   1    0.836
      432  0.000   0.996   1    0.892
      433  0.000   0.996   1    0.955
      434  0.000   0.996   1    0.975
      435  0.000   0.988   1    1.002
      436  0.000   0.987   1    1.010
      437  0.000   0.985   1    1.033
      438  0.000   0.985   1    1.065
      439  0.000   0.984   1    1.096
      440  0.000   0.982   1    1.108
      441  0.000   0.982   1    1.109
      442  0.000   0.981   1    1.113
      443  0.000   0.967   1    1.134
      444  0.000   0.966   1    1.139
      445  0.000   0.966   1    1.155
      446  0.000   0.966   1    1.163
      447  0.000   0.966   1    1.162
      448  0.000   0.966   1    1.131
      449  0.000   0.966   1    1.094
      450  0.000   0.966   1    1.060
      451  0.000   0.966   1    1.040
      452  0.000   0.966   1    1.024
      453  0.000   0.966   1    0.984
      454  0.000   0.966   1    0.951
      455  0.000   0.966   1    0.919
      456  0.000   0.966   1    0.885
      457  0.000   0.966   1    0.849
      458  0.000   0.966   1    0.807
      459  0.000   0.966   1    0.760
      460  0.000   0.966   1    0.706
      461  0.000   0.966   1    0.636
      462  0.000   0.966   1    0.587
      463  0.000   0.966   1    0.548
      464  0.000   0.966   1    0.498
      465  0.000   0.967   1    0.446
      466  0.000   0.967   1    0.393
      467  0.000   0.967   1    0.340
      468  0.000   0.967   1    0.295
      469  0.000   0.967   1    0.267
      470  0.000   0.967   1    0.223
      471  0.000   0.967   1    0.190
      472  0.000   0.967   1    0.143
      473  0.001   0.968   1    0.077
      474  0.000   0.968   1    0.014
      475  0.000   0.968   1   -0.040
      476  0.000   0.968   1   -0.081
      477  0.000   0.968   1   -0.133
      478  0.000   0.968   1   -0.175
      479  0.000   0.968   1   -0.217
      480  0.000   0.968   1   -0.260
      481  0.000   0.968   1   -0.308
      482  0.000   0.968   1   -0.358
      483  0.000   0.968   1   -0.408
      484  0.000   0.968   1   -0.451
      485  0.000   0.968   1   -0.481
      486  0.000   0.968   1   -0.533
      487  0.000   0.968   1   -0.598
      488  0.000   0.968   1   -0.671
      489  0.000   0.968   1   -0.712
      490  0.000   0.968   1   -0.753
      491  0.000   0.968   1   -0.781
      492  0.000   0.968   1   -0.812
      493  0.000   0.968   1   -0.847
      494  0.000   0.968   1   -0.887
      495  0.000   0.967   1   -0.924
      496  0.000   0.966   1   -0.963
      497  0.000   0.966   1   -0.991
      498  0.000   0.966   1   -1.007
      499  0.000   0.966   1   -1.011
      500  0.000   0.965   1   -1.020
      501  0.000   0.964   1   -1.028
      502  0.000   0.956   1   -1.040
      503  0.000   0.930   1   -1.023
      504  0.000   0.893   1   -1.010
      505  0.000   0.701   1   -1.011
      506  0.000   0.662   1   -1.035
      507  0.000   0.462   1   -1.058
      508  0.000   0.456   1   -1.055
      509  0.000   0.455   1   -1.051
      510  0.000   0.409   1   -1.039
      511  0.000   0.037   0   -1.030
      512  0.000   0.020   0   -1.018
      513  0.000   0.019   0   -1.011
      514  0.000   0.018   0   -1.004
      515  0.000   0.018   0   -0.982
      516  0.000   0.018   0   -0.960
      517  0.000   0.017   0   -0.945
      518  0.000   0.016   0   -0.927
      519  0.000   0.015   0   -0.906
      520  0.000   0.014   0   -0.900
      521  0.000   0.014   0   -0.880
      522  0.000   0.014   0   -0.865
      523  0.000   0.014   0   -0.861
      524  0.000   0.014   0   -0.871
      525  0.000   0.014   0   -0.874
      526  0.000   0.014   0   -0.879
      527  0.000   0.014   0   -0.874
      528  0.000   0.014   0   -0.853
      529  0.000   0.012   0   -0.824
      530  0.000   0.012   0   -0.810
      531  0.000   0.012   0   -0.809
      532  0.000   0.012   0   -0.797
      533  0.000   0.011   0   -0.778
      534  0.000   0.006   0   -0.757
      535  0.000   0.006   0   -0.739
      536  0.000   0.005   0   -0.715
      537  0.000   0.005   0   -0.696
      538  0.000   0.005   0   -0.688
      539  0.000   0.003   0   -0.687
      540  0.000   0.003   0   -0.683
      541  0.000   0.003   0   -0.664
      542  0.000   0.003   0   -0.631
      543  0.000   0.003   0   -0.602
      544  0.000   0.003   0   -0.582
      545  0.000   0.003   0   -0.590
      546  0.000   0.003   0   -0.604
      547  0.000   0.003   0   -0.625
      548  0.000   0.003   0   -0.653
      549  0.000   0.003   0   -0.678
      550  0.000   0.003   0   -0.686
      551  0.000   0.003   0   -0.687
      552  0.000   0.003   0   -0.684
      553  0.000   0.003   0   -0.686
      554  0.000   0.003   0   -0.695
      555  0.000   0.003   0   -0.708
      556  0.000   0.003   0   -0.727
      557  0.000   0.003   0   -0.739
      558  0.000   0.003   0   -0.766
      559  0.000   0.003   0   -0.791
      560  0.000   0.003   0   -0.800
      561  0.000   0.003   0   -0.782
      562  0.000   0.003   0   -0.757
      563  0.000   0.003   0   -0.746
      564  0.000   0.003   0   -0.765
      565  0.000   0.003   0   -0.795
      566  0.000   0.003   0   -0.837
      567  0.000   0.003   0   -0.888
      568  0.000   0.003   0   -0.921
      569  0.000   0.003   0   -0.960
      570  0.000   0.003   0   -0.998
      571  0.000   0.003   0   -1.024
      572  0.000   0.003   0   -1.052
      573  0.000   0.003   0   -1.091
      574  0.000   0.003   0   -1.142
      575  0.000   0.003   0   -1.184
      576  0.000   0.003   0   -1.234
      577  0.000   0.003   0   -1.271
      578  0.000   0.003   0   -1.309
      579  0.000   0.003   0   -1.341
      580  0.000   0.003   0   -1.353
      581  0.000   0.003   0   -1.368
      582  0.000   0.003   0   -1.374
      583  0.000   0.003   0   -1.403
      584  0.000   0.003   0   -1.433
      585  0.000   0.003   0   -1.467
      586  0.000   0.003   0   -1.489
      587  0.000   0.003   0   -1.523
      588  0.000   0.003   0   -1.536
      589  0.000   0.003   0   -1.554
      590  0.000   0.003   0   -1.560
      591  0.000   0.003   0   -1.576
      592  0.000   0.003   0   -1.587
      593  0.000   0.003   0   -1.588
      594  0.000   0.003   0   -1.587
      595  0.000   0.003   0   -1.594
      596  0.000   0.003   0   -1.592
      597  0.000   0.003   0   -1.600
      598  0.000   0.003   0   -1.602
      599  0.000   0.003   0   -1.615
      600  0.000   0.003   0   -1.625
      601  0.000   0.003   0   -1.623
      602  0.000   0.003   0   -1.611
      603  0.000   0.003   0   -1.588
      604  0.000   0.003   0   -1.561
      605  0.000   0.003   0   -1.535
      606  0.000   0.003   0   -1.506
      607  0.000   0.003   0   -1.495
      608  0.000   0.003   0   -1.513
      609  0.000   0.003   0   -1.545
      610  0.000   0.003   0   -1.564
      611  0.000   0.003   0   -1.563
      612  0.000   0.002   0   -1.550
      613  0.000   0.002   0   -1.540
      614  0.000   0.002   0   -1.533
      615  0.000   0.002   0   -1.546
      616  0.000   0.002   0   -1.557
      617  0.000   0.002   0   -1.572
      618  0.000   0.002   0   -1.589
      619  0.000   0.002   0   -1.601
      620  0.000   0.001   0   -1.620
      621  0.000   0.001   0   -1.622
      622  0.000   0.001   0   -1.607
      623  0.000   0.001   0   -1.584
      624  0.000   0.001   0   -1.562
      625  0.000   0.001   0   -1.542
      626  0.000   0.001   0   -1.532
      627  0.000   0.001   0   -1.523
      628  0.000   0.001   0   -1.520
      629  0.000   0.001   0   -1.515
      630  0.000   0.001   0   -1.513
      631  0.000   0.001   0   -1.514
      632  0.000   0.001   0   -1.502
      633  0.000   0.001   0   -1.477
      634  0.000   0.001   0   -1.456
      635  0.000   0.001   0   -1.447
      636  0.000   0.001   0   -1.462
      637  0.000   0.001   0   -1.477
      638  0.000   0.001   0   -1.460
      639  0.000   0.001   0   -1.443
      640  0.000   0.001   0   -1.416
      641  0.000   0.001   0   -1.396
      642  0.000   0.001   0   -1.372
      643  0.000   0.001   0   -1.362
      644  0.000   0.001   0   -1.362
      645  0.000   0.001   0   -1.361
      646  0.000   0.001   0   -1.368
      647  0.000   0.001   0   -1.391
      648  0.000   0.001   0   -1.430
      649  0.000   0.001   0   -1.459
      650  0.000   0.001   0   -1.480
      651  0.000   0.001   0   -1.504
      652  0.000   0.001   0   -1.518
      653  0.000   0.001   0   -1.542
      654  0.000   0.001   0   -1.559
      655  0.000   0.001   0   -1.553
      656  0.000   0.001   0   -1.555
      657  0.000   0.001   0   -1.552
      658  0.000   0.001   0   -1.574
      659  0.000   0.001   0   -1.593
      660  0.000   0.001   0   -1.597
      661  0.000   0.001   0   -1.595
      662  0.000   0.001   0   -1.599
      663  0.000   0.001   0   -1.604
      664  0.000   0.000   0   -1.592
      665  0.000   0.000   0   -1.573
      666  0.000   0.000   0   -1.574
      667  0.000   0.000   0   -1.574
      668  0.000   0.001   0   -1.565
      669  0.000   0.001   0   -1.559
      670  0.003   0.003   0   -1.563
      671  0.000   0.003   0   -1.579
      672  0.000   0.003   0   -1.593
      673  0.000   0.003   0   -1.600
      674  0.000   0.003   0   -1.584
      675  0.000   0.003   0   -1.557
      676  0.000   0.003   0   -1.537
      677  0.000   0.003   0   -1.530
      678  0.000   0.003   0   -1.544
      679  0.000   0.003   0   -1.552
      680  0.000   0.004   0   -1.565
      681  0.000   0.004   0   -1.566
      682  0.000   0.004   0   -1.560
      683  0.001   0.005   0   -1.544
      684  0.000   0.005   0   -1.523
      685  0.000   0.006   0   -1.499
      686  0.000   0.006   0   -1.473
      687  0.000   0.006   0   -1.477
      688  0.000   0.006   0   -1.484
      689  0.000   0.006   0   -1.490
      690  0.000   0.006   0   -1.508
      691  0.011   0.017   0   -1.498
      692  0.001   0.017   0   -1.492
      693  0.000   0.017   0   -1.486
      694  0.000   0.017   0   -1.476
      695  0.000   0.017   0   -1.469
      696  0.000   0.017   0   -1.465
      697  0.000   0.017   0   -1.455
      698  0.000   0.017   0   -1.446
      699  0.000   0.017   0   -1.432
      700  0.000   0.017   0   -1.419
      701  0.000   0.017   0   -1.389
      702  0.000   0.017   0   -1.344
      703  0.000   0.017   0   -1.300
      704  0.000   0.017   0   -1.270
      705  0.000   0.017   0   -1.233
      706  0.000   0.017   0   -1.203
      707  0.000   0.017   0   -1.190
      708  0.000   0.017   0   -1.166
      709  0.000   0.018   0   -1.132
      710  0.000   0.018   0   -1.113
      711  0.006   0.024   0   -1.084
      712  0.001   0.024   0   -1.064
      713  0.005   0.029   0   -1.017
      714  0.000   0.029   0   -0.971
      715  0.000   0.029   0   -0.943
      716  0.000   0.029   0   -0.910
      717  0.002   0.031   0   -0.876
      718  0.001   0.032   0   -0.835
      719  0.000   0.033   0   -0.806
      720  0.000   0.033   0   -0.793
      721  0.006   0.038   0   -0.768
      722  0.005   0.043   0   -0.744
      723  0.003   0.046   0   -0.734
      724  0.000   0.046   0   -0.702
      725  0.000   0.046   0   -0.651
      726  0.000   0.046   0   -0.598
      727  0.000   0.046   0   -0.543
      728  0.002   0.048   0   -0.494
      729  0.002   0.050   0   -0.458
      730  0.261   0.311   0   -0.419
      731  0.293   0.604   1   -0.382
      732  0.072   0.676   1   -0.352
      733  0.042   0.718   1   -0.334
      734  0.001   0.719   1   -0.312
      735  0.001   0.720   1   -0.275
      736  0.000   0.720   1   -0.232
      737  0.019   0.739   1   -0.190
      738  0.003   0.742   1   -0.150
      739  0.057   0.799   1   -0.114
      740  0.051   0.850   1   -0.094
      741  0.039   0.889   1   -0.072
      742  0.009   0.897   1   -0.042
      743  0.002   0.899   1   -0.017
      744  0.000   0.899   1   -0.003
      745  0.000   0.899   1    0.017
      746  0.000   0.899   1    0.032
      747  0.001   0.901   1    0.067
      748  0.003   0.904   1    0.089
      749  0.002   0.906   1    0.104
      750  0.000   0.906   1    0.123
      751  0.000   0.906   1    0.145
      752  0.000   0.906   1    0.164
      753  0.000   0.906   1    0.174
      754  0.001   0.906   1    0.206
      755  0.000   0.907   1    0.244
      756  0.000   0.907   1    0.277
      757  0.000   0.907   1    0.310
      758  0.000   0.907   1    0.345
      759  0.000   0.907   1    0.397
      760  0.000   0.907   1    0.423
      761  0.005   0.912   1    0.446
      762  0.006   0.918   1    0.482
      763  0.002   0.920   1    0.521
      764  0.000   0.920   1    0.559
      765  0.000   0.921   1    0.594
      766  0.000   0.921   1    0.612
      767  0.000   0.921   1    0.642
      768  0.000   0.921   1    0.661
      769  0.000   0.921   1    0.679
      770  0.000   0.921   1    0.679
      771  0.000   0.921   1    0.660
      772  0.000   0.921   1    0.658
      773  0.000   0.921   1    0.668
      774  0.003   0.924   1    0.691
      775  0.003   0.927   1    0.723
      776  0.018   0.945   1    0.770
      777  0.001   0.946   1    0.809
      778  0.007   0.953   1    0.843
      779  0.000   0.953   1    0.855
      780  0.000   0.953   1    0.856
      781  0.000   0.953   1    0.858
      782  0.000   0.953   1    0.851
      783  0.000   0.953   1    0.867
      784  0.000   0.953   1    0.872
      785  0.000   0.953   1    0.887
      786  0.001   0.954   1    0.901
      787  0.001   0.955   1    0.928
      788  0.000   0.956   1    0.964
      789  0.000   0.956   1    0.986
      790  0.000   0.956   1    0.995
      791  0.000   0.956   1    0.987
      792  0.000   0.956   1    0.974
      793  0.000   0.956   1    0.973
      794  0.000   0.956   1    0.982
      795  0.035   0.991   1    1.006
      796  0.006   0.997   1    1.021
      797  0.000   0.997   1    1.037
      798  0.000   0.997   1    1.061
      799  0.000   0.997   1    1.105
      800  0.000   0.997   1    1.145
      801  0.000   0.997   1    1.179
      802  0.000   0.997   1    1.196
      803  0.000   0.997   1    1.210
      804  0.000   0.997   1    1.224
      805  0.000   0.997   1    1.235
      806  0.000   0.997   1    1.248
      807  0.000   0.997   1    1.280
      808  0.000   0.997   1    1.310
      809  0.000   0.997   1    1.321
      810  0.000   0.997   1    1.311
      811  0.000   0.997   1    1.308
      812  0.000   0.997   1    1.287
      813  0.000   0.997   1    1.260
      814  0.000   0.997   1    1.214
      815  0.000   0.997   1    1.191
      816  0.000   0.997   1    1.173
      817  0.000   0.994   1    1.163
      818  0.000   0.994   1    1.156
      819  0.000   0.994   1    1.154
      820  0.000   0.994   1    1.164
      821  0.000   0.994   1    1.175
      822  0.000   0.994   1    1.180
      823  0.000   0.994   1    1.177
      824  0.000   0.994   1    1.178
      825  0.000   0.994   1    1.169
      826  0.000   0.994   1    1.154
      827  0.000   0.994   1    1.139
      828  0.000   0.994   1    1.122
      829  0.000   0.993   1    1.116
      830  0.000   0.993   1    1.090
      831  0.000   0.992   1    1.064
      832  0.000   0.992   1    1.041
      833  0.000   0.992   1    1.028
      834  0.000   0.992   1    1.010
      835  0.000   0.992   1    1.007
      836  0.000   0.992   1    0.995
      837  0.000   0.992   1    0.987
      838  0.000   0.981   1    0.959
      839  0.000   0.980   1    0.942
      840  0.000   0.980   1    0.917
      841  0.000   0.980   1    0.913
      842  0.000   0.980   1    0.901
      843  0.000   0.980   1    0.885
      844  0.000   0.980   1    0.879
      845  0.000   0.980   1    0.887
      846  0.000   0.980   1    0.894
      847  0.000   0.980   1    0.894
      848  0.000   0.980   1    0.868
      849  0.000   0.980   1    0.821
      850  0.000   0.980   1    0.788
      851  0.000   0.980   1    0.755
      852  0.000   0.980   1    0.749
      853  0.000   0.980   1    0.744
      854  0.000   0.980   1    0.727
      855  0.000   0.980   1    0.709
      856  0.000   0.980   1    0.688
      857  0.000   0.979   1    0.665
      858  0.000   0.974   1    0.643
      859  0.000   0.973   1    0.632
      860  0.000   0.968   1    0.625
      861  0.000   0.968   1    0.616
      862  0.000   0.968   1    0.579
      863  0.000   0.968   1    0.547
      864  0.000   0.966   1    0.530
      865  0.000   0.965   1    0.527
      866  0.000   0.965   1    0.524
      867  0.000   0.964   1    0.514
      868  0.000   0.959   1    0.522
      869  0.000   0.954   1    0.534
      870  0.000   0.951   1    0.535
      871  0.000   0.951   1    0.535
      872  0.000   0.951   1    0.536
      873  0.000   0.951   1    0.525
      874  0.000   0.951   1    0.506
      875  0.000   0.949   1    0.477
      876  0.000   0.947   1    0.441
      877  0.000   0.686   1    0.400
      878  0.000   0.393   0    0.367
      879  0.000   0.321   0    0.323
      880  0.000   0.279   0    0.302
      881  0.000   0.279   0    0.290
      882  0.000   0.277   0    0.284
      883  0.000   0.277   0    0.282
      884  0.000   0.258   0    0.275
      885  0.000   0.255   0    0.274
      886  0.000   0.198   0    0.250
      887  0.000   0.147   0    0.224
      888  0.000   0.108   0    0.197
      889  0.000   0.100   0    0.183
      890  0.000   0.098   0    0.164
      891  0.000   0.098   0    0.153
      892  0.000   0.098   0    0.148
      893  0.000   0.098   0    0.148
      894  0.000   0.096   0    0.157
      895  0.000   0.093   0    0.154
      896  0.000   0.091   0    0.133
      897  0.000   0.091   0    0.123
      898  0.000   0.091   0    0.109
      899  0.000   0.091   0    0.095
      900  0.000   0.091   0    0.062
      901  0.000   0.091   0    0.041
      902  0.000   0.090   0    0.025
      903  0.000   0.090   0    0.032
      904  0.000   0.090   0    0.049
      905  0.000   0.090   0    0.055
      906  0.000   0.090   0    0.071
      907  0.000   0.090   0    0.060
      908  0.000   0.085   0    0.042
      909  0.000   0.079   0    0.041
      910  0.000   0.077   0    0.033
      911  0.000   0.077   0    0.035
      912  0.000   0.077   0    0.032
      913  0.000   0.077   0    0.041
      914  0.000   0.077   0    0.032
      915  0.000   0.077   0    0.024
      916  0.000   0.077   0    0.035
      917  0.000   0.077   0    0.061
      918  0.000   0.077   0    0.067
      919  0.004   0.081   0    0.057
      920  0.000   0.081   0    0.046
      921  0.000   0.078   0    0.030
      922  0.000   0.075   0    0.014
      923  0.000   0.057   0    0.004
      924  0.000   0.056   0   -0.002
      925  0.000   0.049   0    0.001
      926  0.000   0.049   0   -0.004
      927  0.000   0.049   0   -0.027
      928  0.000   0.049   0   -0.036
      929  0.000   0.049   0   -0.037
      930  0.000   0.049   0   -0.025
      931  0.002   0.051   0   -0.023
      932  0.000   0.051   0   -0.026
      933  0.001   0.050   0   -0.019
      934  0.000   0.050   0    0.008
      935  0.000   0.050   0    0.032
      936  0.000   0.049   0    0.062
      937  0.000   0.050   0    0.082
      938  0.000   0.050   0    0.098
      939  0.000   0.050   0    0.108
      940  0.000   0.050   0    0.101
      941  0.000   0.050   0    0.114
      942  0.000   0.016   0    0.126
      943  0.003   0.013   0    0.149
      944  0.000   0.013   0    0.151
      945  0.004   0.017   0    0.153
      946  0.000   0.017   0    0.165
      947  0.000   0.017   0    0.178
      948  0.004   0.021   0    0.160
      949  0.002   0.023   0    0.153
      950  0.000   0.023   0    0.153
      951  0.000   0.023   0    0.164
      952  0.000   0.023   0    0.166
      953  0.001   0.024   0    0.183
      954  0.004   0.028   0    0.203
      955  0.292   0.321   1    0.232
      956  0.222   0.543   1    0.255
      957  0.209   0.752   1    0.280
      958  0.051   0.804   1    0.303
      959  0.003   0.807   1    0.321
      960  0.017   0.824   1    0.339
      961  0.038   0.861   1    0.348
      962  0.018   0.879   1    0.372
      963  0.005   0.884   1    0.409
      964  0.020   0.905   1    0.435
      965  0.022   0.927   1    0.481
      966  0.073   1.000   1    0.507
      967  0.000   1.000   1    0.537
      968  0.000   1.000   1    0.546
      969  0.000   1.000   1    0.578
      970  0.000   1.000   1    0.596
      971  0.000   1.000   1    0.592
      972  0.000   1.000   1    0.576
      973  0.000   1.000   1    0.590
      974  0.000   1.000   1    0.616
      975  0.000   1.000   1    0.648
      976  0.000   1.000   1    0.675
      977  0.000   1.000   1    0.729
      978  0.000   1.000   1    0.763
      979  0.000   1.000   1    0.804
      980  0.000   1.000   1    0.834
      981  0.000   1.000   1    0.872
      982  0.000   1.000   1    0.909
      983  0.000   1.000   1    0.945
      984  0.000   1.000   1    0.964
      985  0.000   1.000   1    0.982
      986  0.000   1.000   1    1.011
      987  0.000   1.000   1    1.055
      988  0.000   1.000   1    1.089
      989  0.000   1.000   1    1.112
      990  0.000   1.000   1    1.132
      991  0.000   1.000   1    1.164
      992  0.000   1.000   1    1.179
      993  0.000   1.000   1    1.203
      994  0.000   1.000   1    1.229
      995  0.000   1.000   1    1.269
      996  0.000   1.000   1    1.292
      997  0.000   1.000   1    1.308
      998  0.000   1.000   1    1.316
      999  0.000   1.000   1    1.347
     1000  0.000   1.000   1    1.385
     1001  0.000   1.000   1    1.431
     1002  0.000   1.000   1    1.470
     1003  0.000   1.000   1    1.535
     1004  0.000   1.000   1    1.574
     1005  0.000   1.000   1    1.607
     1006  0.000   1.000   1    1.636
     1007  0.000   1.000   1    1.670
     1008  0.000   1.000   1    1.700
     1009  0.000   1.000   1    1.720
     1010  0.000   1.000   1    1.745
     1011  0.000   1.000   1    1.770
     1012  0.000   1.000   1    1.796
     1013  0.000   1.000   1    1.824
     1014  0.000   1.000   1    1.840
     1015  0.000   1.000   1    1.857
     1016  0.000   1.000   1    1.885
     1017  0.000   1.000   1    1.909
     1018  0.000   1.000   1    1.919
     1019  0.000   1.000   1    1.923
     1020  0.000   1.000   1    1.915
     1021  0.000   1.000   1    1.929
     1022  0.000   1.000   1    1.944
     1023  0.000   1.000   1    1.976
     1024  0.000   1.000   1    1.991
     1025  0.000   1.000   1    2.022
     1026  0.000   1.000   1    2.058
     1027  0.000   1.000   1    2.101
     1028  0.000   1.000   1    2.128
     1029  0.000   1.000   1    2.144
     1030  0.000   1.000   1    2.152
     1031  0.000   1.000   1    2.170
     1032  0.000   1.000   1    2.172
     1033  0.000   1.000   1    2.187
     1034  0.000   1.000   1    2.197
     1035  0.000   1.000   1    2.211
     1036  0.000   1.000   1    2.222
     1037  0.000   1.000   1    2.246
     1038  0.000   1.000   1    2.255
     1039  0.000   1.000   1    2.288
     1040  0.000   1.000   1    2.306
     1041  0.000   1.000   1    NA
     1042  0.000   1.000   1    NA
     1043  0.000   1.000   1    NA
     1044  0.000   1.000   1    NA
     1045  0.000   1.000   1    NA
     1046  0.000   1.000   1    NA
     1047  0.000   1.000   1    NA
     1048  0.000   1.000   1    NA
     1049  0.000   1.000   1    NA
     1050  0.000   1.000   1    NA
     1051  0.000   1.000   1    NA
     1052  0.000   1.000   1    NA
     1053  0.000   1.000   1    NA
     1054  0.000   1.000   1    NA
     1055  0.000   1.000   1    NA
     1056  0.000   1.000   1    NA
     1057  0.000   1.000   1    NA
     1058  0.000   1.000   1    NA
     1059  0.000   1.000   1    NA
     1060  0.000   1.000   1    NA
     1061  0.000   1.000   1    NA
     1062  0.000   1.000   1    NA
     1063  0.000   1.000   1    NA
     1064  0.000   1.000   1    NA
     1065  0.000   1.000   1    NA
     1066  0.000   0.995   1    NA
     1067  0.000   0.995   1    NA
     1068  0.000   0.995   1    NA
     1069  0.000   0.995   1    NA
     1070  0.000   0.995   1    NA
     1071  0.000   0.995   1    NA
     1072  0.000   0.995   1    NA
     1073  0.000   0.995   1    NA
     1074  0.000   0.995   1    NA
     1075  0.000   0.995   1    NA
     1076  0.000   0.995   1    NA
     1077  0.000   0.995   1    NA
     1078  0.000   0.993   1    NA
     1079  0.000   0.993   1    NA
     1080  0.000   0.992   1    NA
     1081  0.000   0.992   1    NA
     1082  0.000   0.992   1    NA
     1083  0.000   0.992   1    NA
     1084  0.000   0.991   1    NA
     1085  0.000   0.991   1    NA
     1086  0.000   0.991   1    NA
     1087  0.000   0.991   1    NA
     1088  0.000   0.991   1    NA
     1089  0.000   0.990   1    NA
     1090  0.000   0.988   1    NA
     1091  0.000   0.987   1    NA
     1092  0.000   0.984   1    NA
     1093  0.000   0.984   1    NA
     1094  0.000   0.983   1    NA
     1095  0.000   0.979   1    NA
     1096  0.000   0.977   1    NA
     1097  0.000   0.977   1    NA
     1098  0.000   0.977   1    NA
     1099  0.000   0.977   1    NA
     1100  0.000   0.976   1    NA
     1101  0.000   0.972   1    NA
     1102  0.000   0.679   0    NA
     1103  0.000   0.457   0    NA
     1104  0.000   0.248   0    NA
     1105  0.000   0.196   0    NA
     1106  0.000   0.193   0    NA
     1107  0.000   0.176   0    NA
     1108  0.000   0.139   0    NA
     1109  0.000   0.121   0    NA
     1110  0.000   0.115   0    NA
     1111  0.000   0.095   0    NA
     1112  0.000   0.073   0    NA
     1113  0.000   0.000   0    NA
