 Position  P-start Occup  N/L  Affinity
        1  0.000   0.000   0    NA
        2  0.000   0.000   0    NA
        3  0.000   0.001   0    NA
        4  0.000   0.001   0    NA
        5  0.000   0.001   0    NA
        6  0.000   0.001   0    NA
        7  0.001   0.003   0    NA
        8  0.001   0.003   0    NA
        9  0.000   0.004   0    NA
       10  0.000   0.004   0    NA
       11  0.000   0.004   0    NA
       12  0.000   0.004   0    NA
       13  0.001   0.005   0    NA
       14  0.000   0.005   0    NA
       15  0.001   0.006   0    NA
       16  0.000   0.006   0    NA
       17  0.000   0.006   0    NA
       18  0.000   0.006   0    NA
       19  0.002   0.008   0    NA
       20  0.003   0.011   0    NA
       21  0.002   0.014   0    NA
       22  0.001   0.015   0    NA
       23  0.000   0.015   0    NA
       24  0.001   0.016   0    NA
       25  0.001   0.017   0    NA
       26  0.000   0.017   0    NA
       27  0.000   0.017   0    NA
       28  0.000   0.017   0    NA
       29  0.000   0.017   0    NA
       30  0.000   0.017   0    NA
       31  0.000   0.017   0    NA
       32  0.001   0.019   0    NA
       33  0.007   0.025   0    NA
       34  0.002   0.027   0    NA
       35  0.000   0.028   0    NA
       36  0.000   0.028   0    NA
       37  0.000   0.028   0    NA
       38  0.276   0.304   0    NA
       39  0.087   0.391   0    NA
       40  0.014   0.405   0    NA
       41  0.002   0.406   0    NA
       42  0.043   0.449   0    NA
       43  0.043   0.492   0    NA
       44  0.001   0.493   0    NA
       45  0.000   0.493   0    NA
       46  0.000   0.493   0    NA
       47  0.001   0.494   0    NA
       48  0.000   0.494   0    NA
       49  0.000   0.494   0    NA
       50  0.000   0.495   0    NA
       51  0.029   0.524   0    NA
       52  0.000   0.524   0    NA
       53  0.000   0.524   0    NA
       54  0.001   0.525   0    NA
       55  0.002   0.527   0    NA
       56  0.026   0.554   0    NA
       57  0.009   0.563   0    NA
       58  0.000   0.563   0    NA
       59  0.000   0.563   0    NA
       60  0.000   0.563   0    NA
       61  0.000   0.563   0    NA
       62  0.000   0.563   0    NA
       63  0.000   0.563   0    NA
       64  0.000   0.563   0    NA
       65  0.000   0.563   0    NA
       66  0.000   0.564   0    NA
       67  0.000   0.564   0    NA
       68  0.000   0.564   0    NA
       69  0.000   0.565   0    NA
       70  0.002   0.567   0    NA
       71  0.000   0.567   0    NA
       72  0.000   0.568   0    NA
       73  0.000   0.568   0    NA
       74  0.000   0.568   0    1.164
       75  0.000   0.568   0    1.148
       76  0.000   0.568   0    1.143
       77  0.001   0.570   0    1.111
       78  0.000   0.570   0    1.132
       79  0.000   0.570   0    1.155
       80  0.000   0.570   0    1.172
       81  0.000   0.571   0    1.164
       82  0.004   0.574   0    1.143
       83  0.000   0.575   0    1.143
       84  0.030   0.605   0    1.178
       85  0.004   0.609   0    1.206
       86  0.000   0.609   0    1.230
       87  0.000   0.609   0    1.241
       88  0.000   0.609   0    1.269
       89  0.002   0.612   0    1.295
       90  0.277   0.889   1    1.302
       91  0.080   0.970   1    1.304
       92  0.027   0.997   1    1.305
       93  0.001   0.998   1    1.310
       94  0.000   0.998   1    1.306
       95  0.000   0.998   1    1.305
       96  0.000   0.998   1    1.309
       97  0.000   0.998   1    1.325
       98  0.000   0.998   1    1.322
       99  0.000   0.998   1    1.311
      100  0.000   0.998   1    1.316
      101  0.000   0.998   1    1.326
      102  0.000   0.998   1    1.351
      103  0.000   0.999   1    1.366
      104  0.000   0.999   1    1.372
      105  0.000   0.999   1    1.369
      106  0.000   0.999   1    1.366
      107  0.000   0.999   1    1.348
      108  0.000   0.999   1    1.337
      109  0.000   0.999   1    1.332
      110  0.000   0.999   1    1.339
      111  0.000   0.999   1    1.356
      112  0.000   0.999   1    1.374
      113  0.000   0.999   1    1.374
      114  0.000   0.999   1    1.365
      115  0.000   0.999   1    1.368
      116  0.000   0.999   1    1.372
      117  0.000   0.999   1    1.385
      118  0.000   0.999   1    1.387
      119  0.000   0.999   1    1.375
      120  0.000   0.999   1    1.353
      121  0.000   0.999   1    1.346
      122  0.000   0.999   1    1.342
      123  0.000   0.999   1    1.345
      124  0.000   0.999   1    1.345
      125  0.000   0.999   1    1.338
      126  0.000   0.999   1    1.333
      127  0.000   0.999   1    1.343
      128  0.000   0.999   1    1.365
      129  0.000   0.999   1    1.379
      130  0.000   0.999   1    1.406
      131  0.000   0.999   1    1.420
      132  0.000   0.999   1    1.444
      133  0.000   0.999   1    1.433
      134  0.000   0.999   1    1.423
      135  0.000   0.999   1    1.426
      136  0.000   0.999   1    1.458
      137  0.000   0.999   1    1.495
      138  0.000   0.999   1    1.511
      139  0.000   0.999   1    1.492
      140  0.000   0.999   1    1.467
      141  0.000   0.999   1    1.434
      142  0.000   0.999   1    1.410
      143  0.000   0.999   1    1.372
      144  0.000   0.999   1    1.341
      145  0.000   0.999   1    1.327
      146  0.000   0.999   1    1.314
      147  0.000   0.999   1    1.298
      148  0.000   0.999   1    1.282
      149  0.000   0.999   1    1.274
      150  0.000   0.998   1    1.267
      151  0.000   0.998   1    1.252
      152  0.000   0.998   1    1.236
      153  0.000   0.997   1    1.232
      154  0.000   0.996   1    1.239
      155  0.000   0.995   1    1.234
      156  0.000   0.995   1    1.215
      157  0.000   0.995   1    1.183
      158  0.000   0.995   1    1.147
      159  0.000   0.995   1    1.120
      160  0.000   0.994   1    1.109
      161  0.000   0.994   1    1.096
      162  0.000   0.993   1    1.095
      163  0.000   0.993   1    1.092
      164  0.000   0.993   1    1.086
      165  0.000   0.993   1    1.069
      166  0.000   0.991   1    1.047
      167  0.000   0.988   1    1.016
      168  0.000   0.986   1    1.004
      169  0.000   0.984   1    0.981
      170  0.000   0.984   1    0.954
      171  0.000   0.983   1    0.906
      172  0.000   0.982   1    0.871
      173  0.000   0.982   1    0.844
      174  0.000   0.982   1    0.832
      175  0.000   0.982   1    0.824
      176  0.000   0.982   1    0.800
      177  0.000   0.982   1    0.764
      178  0.000   0.982   1    0.718
      179  0.000   0.981   1    0.683
      180  0.000   0.974   1    0.658
      181  0.000   0.972   1    0.630
      182  0.000   0.972   1    0.599
      183  0.000   0.972   1    0.565
      184  0.000   0.972   1    0.541
      185  0.000   0.695   1    0.495
      186  0.001   0.609   1    0.451
      187  0.002   0.598   1    0.429
      188  0.000   0.596   1    0.409
      189  0.000   0.554   1    0.383
      190  0.000   0.511   1    0.327
      191  0.000   0.510   1    0.271
      192  0.000   0.510   1    0.220
      193  0.000   0.509   1    0.176
      194  0.000   0.509   1    0.143
      195  0.000   0.509   1    0.120
      196  0.000   0.509   1    0.117
      197  0.001   0.509   1    0.118
      198  0.001   0.481   1    0.111
      199  0.000   0.481   1    0.082
      200  0.000   0.481   1    0.052
      201  0.000   0.480   1    0.020
      202  0.000   0.477   1    0.008
      203  0.000   0.451   1   -0.011
      204  0.000   0.442   1   -0.034
      205  0.000   0.442   1   -0.057
      206  0.000   0.441   1   -0.071
      207  0.000   0.441   1   -0.097
      208  0.000   0.441   1   -0.116
      209  0.000   0.441   1   -0.144
      210  0.000   0.441   1   -0.167
      211  0.000   0.441   1   -0.171
      212  0.000   0.441   1   -0.177
      213  0.000   0.441   1   -0.177
      214  0.000   0.440   1   -0.172
      215  0.000   0.440   1   -0.172
      216  0.000   0.440   1   -0.167
      217  0.000   0.438   1   -0.191
      218  0.000   0.437   1   -0.237
      219  0.000   0.437   1   -0.276
      220  0.000   0.437   1   -0.296
      221  0.000   0.437   1   -0.300
      222  0.000   0.437   1   -0.302
      223  0.000   0.436   1   -0.305
      224  0.000   0.435   1   -0.320
      225  0.000   0.435   1   -0.328
      226  0.000   0.435   1   -0.338
      227  0.000   0.434   1   -0.351
      228  0.000   0.434   1   -0.363
      229  0.000   0.430   1   -0.373
      230  0.000   0.430   1   -0.388
      231  0.000   0.400   1   -0.394
      232  0.000   0.396   1   -0.380
      233  0.000   0.395   1   -0.355
      234  0.000   0.395   1   -0.348
      235  0.000   0.395   1   -0.346
      236  0.000   0.393   1   -0.347
      237  0.000   0.115   0   -0.355
      238  0.000   0.035   0   -0.366
      239  0.000   0.007   0   -0.382
      240  0.000   0.006   0   -0.389
      241  0.000   0.006   0   -0.378
      242  0.000   0.006   0   -0.384
      243  0.000   0.006   0   -0.386
      244  0.000   0.006   0   -0.388
      245  0.000   0.006   0   -0.380
      246  0.000   0.006   0   -0.394
      247  0.000   0.006   0   -0.421
      248  0.000   0.006   0   -0.446
      249  0.000   0.006   0   -0.460
      250  0.000   0.006   0   -0.476
      251  0.000   0.006   0   -0.504
      252  0.000   0.006   0   -0.547
      253  0.000   0.006   0   -0.576
      254  0.000   0.006   0   -0.595
      255  0.000   0.006   0   -0.620
      256  0.000   0.006   0   -0.662
      257  0.000   0.006   0   -0.717
      258  0.000   0.006   0   -0.769
      259  0.000   0.006   0   -0.805
      260  0.000   0.006   0   -0.840
      261  0.000   0.006   0   -0.874
      262  0.000   0.006   0   -0.898
      263  0.000   0.006   0   -0.927
      264  0.000   0.006   0   -0.956
      265  0.000   0.006   0   -0.994
      266  0.000   0.006   0   -1.051
      267  0.000   0.006   0   -1.109
      268  0.000   0.006   0   -1.164
      269  0.000   0.006   0   -1.232
      270  0.000   0.007   0   -1.298
      271  0.000   0.007   0   -1.339
      272  0.000   0.007   0   -1.348
      273  0.000   0.007   0   -1.336
      274  0.000   0.007   0   -1.330
      275  0.000   0.007   0   -1.331
      276  0.000   0.007   0   -1.341
      277  0.000   0.007   0   -1.356
      278  0.000   0.007   0   -1.390
      279  0.000   0.007   0   -1.401
      280  0.003   0.010   0   -1.415
      281  0.001   0.011   0   -1.420
      282  0.000   0.011   0   -1.414
      283  0.000   0.011   0   -1.423
      284  0.000   0.011   0   -1.420
      285  0.000   0.011   0   -1.416
      286  0.000   0.011   0   -1.416
      287  0.000   0.011   0   -1.443
      288  0.011   0.022   0   -1.468
      289  0.003   0.025   0   -1.474
      290  0.003   0.028   0   -1.484
      291  0.001   0.029   0   -1.505
      292  0.003   0.032   0   -1.516
      293  0.004   0.036   0   -1.524
      294  0.000   0.036   0   -1.540
      295  0.001   0.037   0   -1.538
      296  0.018   0.055   0   -1.549
      297  0.001   0.056   0   -1.560
      298  0.000   0.056   0   -1.576
      299  0.000   0.056   0   -1.592
      300  0.000   0.056   0   -1.585
      301  0.000   0.056   0   -1.560
      302  0.000   0.056   0   -1.514
      303  0.000   0.056   0   -1.467
      304  0.000   0.056   0   -1.442
      305  0.000   0.056   0   -1.426
      306  0.000   0.056   0   -1.394
      307  0.000   0.056   0   -1.347
      308  0.000   0.056   0   -1.298
      309  0.000   0.056   0   -1.249
      310  0.000   0.056   0   -1.203
      311  0.000   0.056   0   -1.139
      312  0.000   0.056   0   -1.077
      313  0.000   0.056   0   -1.015
      314  0.000   0.056   0   -0.968
      315  0.000   0.056   0   -0.912
      316  0.000   0.056   0   -0.868
      317  0.000   0.056   0   -0.832
      318  0.000   0.056   0   -0.801
      319  0.000   0.056   0   -0.767
      320  0.000   0.056   0   -0.725
      321  0.000   0.056   0   -0.678
      322  0.000   0.056   0   -0.632
      323  0.000   0.056   0   -0.595
      324  0.000   0.056   0   -0.531
      325  0.000   0.056   0   -0.457
      326  0.000   0.056   0   -0.393
      327  0.000   0.056   0   -0.343
      328  0.000   0.056   0   -0.306
      329  0.000   0.056   0   -0.292
      330  0.000   0.056   0   -0.276
      331  0.000   0.056   0   -0.260
      332  0.000   0.056   0   -0.227
      333  0.000   0.055   0   -0.180
      334  0.000   0.053   0   -0.124
      335  0.000   0.052   0   -0.071
      336  0.000   0.052   0   -0.012
      337  0.000   0.052   0    0.028
      338  0.000   0.052   0    0.082
      339  0.000   0.052   0    0.122
      340  0.000   0.052   0    0.151
      341  0.000   0.052   0    0.183
      342  0.000   0.052   0    0.231
      343  0.000   0.052   0    0.270
      344  0.000   0.051   0    0.292
      345  0.000   0.050   0    0.313
      346  0.000   0.050   0    0.344
      347  0.000   0.051   0    0.363
      348  0.002   0.052   0    0.376
      349  0.003   0.056   0    0.388
      350  0.000   0.056   0    0.385
      351  0.000   0.056   0    0.371
      352  0.000   0.056   0    0.364
      353  0.001   0.057   0    0.364
      354  0.002   0.059   0    0.372
      355  0.034   0.093   0    0.353
      356  0.093   0.186   0    0.331
      357  0.078   0.264   0    0.307
      358  0.140   0.404   0    0.289
      359  0.022   0.426   0    0.272
      360  0.172   0.598   0    0.252
      361  0.014   0.612   0    0.212
      362  0.005   0.617   0    0.157
      363  0.086   0.703   0    0.092
      364  0.247   0.951   1    0.032
      365  0.007   0.958   1    0.002
      366  0.000   0.958   1   -0.014
      367  0.000   0.958   1   -0.018
      368  0.000   0.958   1   -0.022
      369  0.002   0.961   1   -0.023
      370  0.003   0.964   1   -0.049
      371  0.001   0.964   1   -0.080
      372  0.004   0.969   1   -0.096
      373  0.000   0.969   1   -0.113
      374  0.000   0.969   1   -0.124
      375  0.000   0.969   1   -0.144
      376  0.000   0.970   1   -0.166
      377  0.000   0.970   1   -0.191
      378  0.000   0.970   1   -0.210
      379  0.000   0.970   1   -0.227
      380  0.000   0.970   1   -0.252
      381  0.001   0.970   1   -0.275
      382  0.002   0.973   1   -0.303
      383  0.001   0.973   1   -0.325
      384  0.000   0.973   1   -0.326
      385  0.000   0.974   1   -0.327
      386  0.005   0.979   1   -0.326
      387  0.011   0.989   1   -0.341
      388  0.000   0.989   1   -0.372
      389  0.000   0.990   1   -0.405
      390  0.000   0.990   1   -0.445
      391  0.000   0.990   1   -0.483
      392  0.003   0.992   1   -0.512
      393  0.003   0.995   1   -0.522
      394  0.000   0.996   1   -0.519
      395  0.000   0.996   1   -0.501
      396  0.000   0.996   1   -0.504
      397  0.000   0.996   1   -0.524
      398  0.000   0.996   1   -0.529
      399  0.000   0.996   1   -0.512
      400  0.000   0.996   1   -0.491
      401  0.000   0.996   1   -0.459
      402  0.000   0.996   1   -0.415
      403  0.000   0.996   1   -0.368
      404  0.000   0.995   1   -0.309
      405  0.000   0.995   1   -0.261
      406  0.000   0.995   1   -0.195
      407  0.000   0.995   1   -0.142
      408  0.000   0.995   1   -0.095
      409  0.000   0.995   1   -0.044
      410  0.000   0.995   1    0.022
      411  0.000   0.995   1    0.073
      412  0.000   0.995   1    0.108
      413  0.000   0.995   1    0.132
      414  0.000   0.995   1    0.165
      415  0.000   0.995   1    0.222
      416  0.000   0.995   1    0.283
      417  0.000   0.995   1    0.351
      418  0.000   0.995   1    0.428
      419  0.000   0.995   1    0.496
      420  0.000   0.995   1    0.540
      421  0.000   0.995   1    0.568
      422  0.000   0.995   1    0.591
      423  0.000   0.995   1    0.601
      424  0.000   0.995   1    0.610
      425  0.000   0.995   1    0.629
      426  0.000   0.994   1    0.656
      427  0.000   0.992   1    0.685
      428  0.000   0.991   1    0.726
      429  0.000   0.990   1    0.760
      430  0.000   0.990   1    0.784
      431  0.000   0.990   1    0.825
      432  0.000   0.990   1    0.890
      433  0.000   0.990   1    0.960
      434  0.000   0.990   1    0.982
      435  0.000   0.979   1    1.006
      436  0.000   0.976   1    1.012
      437  0.000   0.973   1    1.033
      438  0.000   0.972   1    1.066
      439  0.000   0.969   1    1.099
      440  0.000   0.965   1    1.114
      441  0.000   0.965   1    1.117
      442  0.000   0.965   1    1.123
      443  0.000   0.946   1    1.146
      444  0.000   0.945   1    1.150
      445  0.000   0.945   1    1.167
      446  0.000   0.945   1    1.172
      447  0.000   0.945   1    1.171
      448  0.000   0.945   1    1.135
      449  0.000   0.945   1    1.093
      450  0.000   0.945   1    1.053
      451  0.000   0.945   1    1.030
      452  0.000   0.945   1    1.013
      453  0.000   0.945   1    0.972
      454  0.000   0.945   1    0.936
      455  0.000   0.945   1    0.901
      456  0.000   0.945   1    0.859
      457  0.000   0.945   1    0.818
      458  0.000   0.946   1    0.772
      459  0.000   0.946   1    0.726
      460  0.000   0.946   1    0.671
      461  0.000   0.946   1    0.598
      462  0.000   0.946   1    0.544
      463  0.000   0.946   1    0.501
      464  0.000   0.946   1    0.449
      465  0.000   0.946   1    0.396
      466  0.000   0.946   1    0.342
      467  0.000   0.946   1    0.288
      468  0.000   0.947   1    0.243
      469  0.000   0.947   1    0.210
      470  0.000   0.947   1    0.160
      471  0.000   0.947   1    0.120
      472  0.000   0.947   1    0.073
      473  0.001   0.948   1    0.002
      474  0.000   0.948   1   -0.064
      475  0.000   0.948   1   -0.121
      476  0.000   0.948   1   -0.165
      477  0.000   0.948   1   -0.220
      478  0.000   0.948   1   -0.264
      479  0.000   0.948   1   -0.307
      480  0.000   0.948   1   -0.351
      481  0.000   0.948   1   -0.400
      482  0.000   0.948   1   -0.451
      483  0.000   0.948   1   -0.502
      484  0.000   0.948   1   -0.546
      485  0.000   0.948   1   -0.574
      486  0.000   0.948   1   -0.627
      487  0.000   0.948   1   -0.699
      488  0.000   0.948   1   -0.775
      489  0.000   0.948   1   -0.815
      490  0.000   0.948   1   -0.852
      491  0.000   0.948   1   -0.876
      492  0.000   0.948   1   -0.905
      493  0.000   0.948   1   -0.941
      494  0.000   0.948   1   -0.984
      495  0.000   0.946   1   -1.026
      496  0.000   0.943   1   -1.067
      497  0.000   0.943   1   -1.095
      498  0.000   0.943   1   -1.111
      499  0.000   0.943   1   -1.115
      500  0.000   0.942   1   -1.123
      501  0.000   0.939   1   -1.127
      502  0.000   0.905   1   -1.140
      503  0.000   0.812   1   -1.119
      504  0.000   0.735   1   -1.105
      505  0.000   0.595   1   -1.102
      506  0.000   0.573   1   -1.124
      507  0.000   0.401   1   -1.145
      508  0.000   0.387   1   -1.139
      509  0.000   0.382   1   -1.132
      510  0.000   0.296   1   -1.118
      511  0.000   0.048   0   -1.104
      512  0.000   0.041   0   -1.090
      513  0.000   0.041   0   -1.080
      514  0.000   0.041   0   -1.071
      515  0.000   0.041   0   -1.045
      516  0.000   0.039   0   -1.021
      517  0.000   0.036   0   -1.002
      518  0.000   0.035   0   -0.982
      519  0.000   0.031   0   -0.958
      520  0.000   0.030   0   -0.951
      521  0.000   0.030   0   -0.925
      522  0.000   0.030   0   -0.905
      523  0.000   0.030   0   -0.896
      524  0.000   0.030   0   -0.903
      525  0.000   0.030   0   -0.903
      526  0.000   0.030   0   -0.904
      527  0.000   0.030   0   -0.899
      528  0.000   0.029   0   -0.875
      529  0.000   0.027   0   -0.846
      530  0.000   0.026   0   -0.830
      531  0.000   0.026   0   -0.830
      532  0.000   0.026   0   -0.817
      533  0.000   0.021   0   -0.796
      534  0.000   0.010   0   -0.774
      535  0.000   0.010   0   -0.755
      536  0.000   0.010   0   -0.730
      537  0.000   0.010   0   -0.710
      538  0.000   0.010   0   -0.701
      539  0.000   0.007   0   -0.701
      540  0.000   0.004   0   -0.696
      541  0.000   0.004   0   -0.676
      542  0.000   0.004   0   -0.641
      543  0.000   0.004   0   -0.611
      544  0.000   0.004   0   -0.590
      545  0.000   0.004   0   -0.598
      546  0.000   0.004   0   -0.613
      547  0.000   0.004   0   -0.635
      548  0.000   0.004   0   -0.665
      549  0.000   0.004   0   -0.691
      550  0.000   0.004   0   -0.700
      551  0.000   0.004   0   -0.700
      552  0.000   0.004   0   -0.697
      553  0.000   0.004   0   -0.699
      554  0.000   0.004   0   -0.709
      555  0.000   0.004   0   -0.723
      556  0.000   0.004   0   -0.743
      557  0.000   0.004   0   -0.755
      558  0.000   0.004   0   -0.784
      559  0.000   0.004   0   -0.810
      560  0.000   0.004   0   -0.820
      561  0.000   0.004   0   -0.801
      562  0.000   0.004   0   -0.774
      563  0.000   0.004   0   -0.763
      564  0.000   0.004   0   -0.783
      565  0.000   0.004   0   -0.815
      566  0.000   0.004   0   -0.859
      567  0.000   0.004   0   -0.913
      568  0.000   0.004   0   -0.948
      569  0.000   0.004   0   -0.990
      570  0.000   0.004   0   -1.030
      571  0.000   0.004   0   -1.058
      572  0.000   0.004   0   -1.087
      573  0.000   0.004   0   -1.128
      574  0.000   0.004   0   -1.182
      575  0.000   0.004   0   -1.227
      576  0.000   0.004   0   -1.279
      577  0.001   0.005   0   -1.319
      578  0.000   0.005   0   -1.359
      579  0.000   0.005   0   -1.393
      580  0.000   0.005   0   -1.406
      581  0.000   0.005   0   -1.422
      582  0.000   0.005   0   -1.428
      583  0.000   0.005   0   -1.459
      584  0.000   0.005   0   -1.490
      585  0.000   0.005   0   -1.527
      586  0.000   0.005   0   -1.558
      587  0.000   0.005   0   -1.595
      588  0.000   0.005   0   -1.606
      589  0.000   0.005   0   -1.621
      590  0.000   0.005   0   -1.631
      591  0.000   0.005   0   -1.649
      592  0.000   0.005   0   -1.661
      593  0.000   0.005   0   -1.661
      594  0.000   0.005   0   -1.656
      595  0.000   0.005   0   -1.660
      596  0.000   0.005   0   -1.656
      597  0.000   0.005   0   -1.661
      598  0.000   0.005   0   -1.662
      599  0.000   0.005   0   -1.671
      600  0.000   0.005   0   -1.684
      601  0.000   0.005   0   -1.683
      602  0.000   0.005   0   -1.671
      603  0.000   0.005   0   -1.644
      604  0.000   0.005   0   -1.611
      605  0.000   0.004   0   -1.581
      606  0.000   0.004   0   -1.551
      607  0.000   0.004   0   -1.540
      608  0.000   0.004   0   -1.558
      609  0.000   0.004   0   -1.590
      610  0.000   0.004   0   -1.613
      611  0.000   0.004   0   -1.617
      612  0.000   0.004   0   -1.603
      613  0.000   0.004   0   -1.591
      614  0.000   0.004   0   -1.581
      615  0.000   0.004   0   -1.595
      616  0.000   0.004   0   -1.613
      617  0.000   0.004   0   -1.633
      618  0.000   0.004   0   -1.652
      619  0.000   0.003   0   -1.664
      620  0.000   0.002   0   -1.667
      621  0.000   0.002   0   -1.650
      622  0.000   0.002   0   -1.623
      623  0.000   0.002   0   -1.588
      624  0.000   0.002   0   -1.558
      625  0.000   0.002   0   -1.534
      626  0.000   0.002   0   -1.519
      627  0.000   0.002   0   -1.507
      628  0.000   0.002   0   -1.501
      629  0.000   0.002   0   -1.496
      630  0.000   0.002   0   -1.493
      631  0.000   0.002   0   -1.490
      632  0.000   0.002   0   -1.474
      633  0.000   0.002   0   -1.449
      634  0.000   0.002   0   -1.426
      635  0.000   0.002   0   -1.416
      636  0.000   0.002   0   -1.428
      637  0.000   0.002   0   -1.439
      638  0.000   0.002   0   -1.419
      639  0.000   0.002   0   -1.399
      640  0.000   0.002   0   -1.368
      641  0.000   0.002   0   -1.336
      642  0.000   0.002   0   -1.305
      643  0.000   0.002   0   -1.295
      644  0.000   0.002   0   -1.292
      645  0.000   0.002   0   -1.284
      646  0.000   0.002   0   -1.283
      647  0.000   0.002   0   -1.305
      648  0.000   0.002   0   -1.345
      649  0.000   0.002   0   -1.378
      650  0.000   0.002   0   -1.396
      651  0.000   0.002   0   -1.416
      652  0.000   0.002   0   -1.424
      653  0.000   0.002   0   -1.443
      654  0.000   0.002   0   -1.461
      655  0.000   0.002   0   -1.448
      656  0.000   0.002   0   -1.438
      657  0.000   0.002   0   -1.422
      658  0.000   0.002   0   -1.438
      659  0.000   0.002   0   -1.454
      660  0.000   0.002   0   -1.452
      661  0.000   0.002   0   -1.440
      662  0.000   0.002   0   -1.437
      663  0.000   0.002   0   -1.435
      664  0.000   0.002   0   -1.418
      665  0.000   0.002   0   -1.393
      666  0.000   0.002   0   -1.385
      667  0.001   0.002   0   -1.382
      668  0.002   0.004   0   -1.366
      669  0.004   0.008   0   -1.362
      670  0.047   0.055   0   -1.365
      671  0.001   0.056   0   -1.375
      672  0.000   0.056   0   -1.379
      673  0.000   0.056   0   -1.374
      674  0.000   0.056   0   -1.350
      675  0.000   0.056   0   -1.331
      676  0.000   0.056   0   -1.319
      677  0.000   0.056   0   -1.316
      678  0.002   0.058   0   -1.334
      679  0.002   0.060   0   -1.345
      680  0.003   0.063   0   -1.361
      681  0.009   0.072   0   -1.369
      682  0.000   0.073   0   -1.368
      683  0.003   0.075   0   -1.354
      684  0.001   0.076   0   -1.327
      685  0.001   0.077   0   -1.296
      686  0.000   0.077   0   -1.266
      687  0.000   0.077   0   -1.265
      688  0.000   0.077   0   -1.261
      689  0.000   0.077   0   -1.259
      690  0.000   0.077   0   -1.271
      691  0.017   0.094   0   -1.260
      692  0.001   0.096   0   -1.257
      693  0.001   0.096   0   -1.251
      694  0.000   0.096   0   -1.241
      695  0.000   0.096   0   -1.231
      696  0.000   0.096   0   -1.221
      697  0.000   0.096   0   -1.206
      698  0.000   0.096   0   -1.187
      699  0.000   0.096   0   -1.168
      700  0.000   0.096   0   -1.150
      701  0.000   0.096   0   -1.119
      702  0.000   0.096   0   -1.068
      703  0.000   0.096   0   -1.015
      704  0.000   0.096   0   -0.977
      705  0.000   0.096   0   -0.937
      706  0.000   0.096   0   -0.907
      707  0.000   0.096   0   -0.899
      708  0.000   0.096   0   -0.880
      709  0.001   0.096   0   -0.843
      710  0.000   0.097   0   -0.822
      711  0.007   0.103   0   -0.796
      712  0.001   0.104   0   -0.781
      713  0.007   0.111   0   -0.731
      714  0.000   0.111   0   -0.682
      715  0.000   0.111   0   -0.651
      716  0.000   0.112   0   -0.620
      717  0.004   0.116   0   -0.585
      718  0.001   0.117   0   -0.547
      719  0.000   0.117   0   -0.518
      720  0.000   0.117   0   -0.501
      721  0.001   0.117   0   -0.472
      722  0.001   0.118   0   -0.445
      723  0.000   0.119   0   -0.437
      724  0.000   0.118   0   -0.396
      725  0.000   0.118   0   -0.335
      726  0.000   0.118   0   -0.273
      727  0.000   0.118   0   -0.214
      728  0.001   0.119   0   -0.177
      729  0.002   0.121   0   -0.146
      730  0.129   0.250   0   -0.115
      731  0.168   0.417   1   -0.086
      732  0.079   0.497   1   -0.060
      733  0.099   0.596   1   -0.034
      734  0.002   0.598   1   -0.007
      735  0.001   0.599   1    0.034
      736  0.000   0.599   1    0.082
      737  0.013   0.612   1    0.126
      738  0.002   0.614   1    0.164
      739  0.058   0.671   1    0.199
      740  0.083   0.754   1    0.215
      741  0.099   0.853   1    0.230
      742  0.016   0.869   1    0.251
      743  0.004   0.873   1    0.269
      744  0.000   0.874   1    0.280
      745  0.000   0.874   1    0.297
      746  0.000   0.874   1    0.302
      747  0.002   0.875   1    0.331
      748  0.002   0.878   1    0.346
      749  0.002   0.880   1    0.353
      750  0.000   0.880   1    0.355
      751  0.000   0.880   1    0.359
      752  0.000   0.880   1    0.367
      753  0.000   0.880   1    0.364
      754  0.000   0.881   1    0.388
      755  0.000   0.881   1    0.416
      756  0.000   0.881   1    0.444
      757  0.000   0.881   1    0.467
      758  0.000   0.881   1    0.492
      759  0.000   0.881   1    0.535
      760  0.000   0.881   1    0.552
      761  0.002   0.883   1    0.568
      762  0.004   0.887   1    0.597
      763  0.002   0.888   1    0.634
      764  0.000   0.889   1    0.663
      765  0.000   0.889   1    0.685
      766  0.000   0.889   1    0.682
      767  0.000   0.889   1    0.695
      768  0.000   0.889   1    0.695
      769  0.000   0.888   1    0.692
      770  0.000   0.888   1    0.672
      771  0.000   0.888   1    0.636
      772  0.000   0.888   1    0.623
      773  0.000   0.889   1    0.625
      774  0.004   0.893   1    0.638
      775  0.004   0.897   1    0.661
      776  0.029   0.925   1    0.698
      777  0.001   0.926   1    0.727
      778  0.008   0.934   1    0.751
      779  0.000   0.934   1    0.756
      780  0.000   0.934   1    0.747
      781  0.000   0.934   1    0.737
      782  0.000   0.934   1    0.718
      783  0.000   0.934   1    0.732
      784  0.000   0.934   1    0.731
      785  0.000   0.934   1    0.744
      786  0.002   0.936   1    0.758
      787  0.002   0.938   1    0.782
      788  0.000   0.938   1    0.803
      789  0.000   0.938   1    0.818
      790  0.000   0.938   1    0.820
      791  0.000   0.938   1    0.808
      792  0.000   0.938   1    0.793
      793  0.000   0.938   1    0.791
      794  0.000   0.939   1    0.793
      795  0.043   0.981   1    0.814
      796  0.007   0.989   1    0.826
      797  0.000   0.989   1    0.840
      798  0.000   0.989   1    0.861
      799  0.000   0.989   1    0.899
      800  0.000   0.989   1    0.935
      801  0.000   0.989   1    0.970
      802  0.000   0.989   1    0.987
      803  0.000   0.989   1    1.004
      804  0.000   0.989   1    1.019
      805  0.000   0.989   1    1.036
      806  0.000   0.989   1    1.053
      807  0.000   0.989   1    1.082
      808  0.000   0.989   1    1.108
      809  0.000   0.989   1    1.115
      810  0.000   0.989   1    1.101
      811  0.000   0.989   1    1.089
      812  0.000   0.989   1    1.061
      813  0.000   0.989   1    1.030
      814  0.000   0.988   1    0.980
      815  0.000   0.987   1    0.954
      816  0.000   0.983   1    0.932
      817  0.000   0.936   1    0.918
      818  0.000   0.935   1    0.905
      819  0.000   0.935   1    0.901
      820  0.000   0.934   1    0.917
      821  0.000   0.934   1    0.942
      822  0.000   0.934   1    0.955
      823  0.000   0.934   1    0.957
      824  0.000   0.934   1    0.967
      825  0.000   0.932   1    0.962
      826  0.000   0.930   1    0.949
      827  0.000   0.927   1    0.931
      828  0.000   0.918   1    0.910
      829  0.000   0.918   1    0.903
      830  0.000   0.915   1    0.874
      831  0.000   0.915   1    0.851
      832  0.000   0.914   1    0.831
      833  0.000   0.913   1    0.819
      834  0.000   0.913   1    0.796
      835  0.000   0.913   1    0.789
      836  0.000   0.913   1    0.774
      837  0.000   0.913   1    0.763
      838  0.000   0.896   1    0.732
      839  0.000   0.895   1    0.712
      840  0.000   0.894   1    0.687
      841  0.000   0.894   1    0.682
      842  0.000   0.894   1    0.667
      843  0.000   0.894   1    0.647
      844  0.000   0.894   1    0.636
      845  0.000   0.894   1    0.641
      846  0.000   0.894   1    0.644
      847  0.000   0.894   1    0.641
      848  0.000   0.894   1    0.610
      849  0.000   0.894   1    0.561
      850  0.000   0.894   1    0.522
      851  0.000   0.894   1    0.484
      852  0.000   0.894   1    0.471
      853  0.000   0.894   1    0.461
      854  0.000   0.894   1    0.437
      855  0.000   0.894   1    0.416
      856  0.000   0.894   1    0.391
      857  0.000   0.893   1    0.366
      858  0.000   0.887   1    0.340
      859  0.000   0.886   1    0.326
      860  0.000   0.879   1    0.319
      861  0.000   0.879   1    0.311
      862  0.000   0.878   1    0.275
      863  0.000   0.878   1    0.241
      864  0.000   0.874   1    0.223
      865  0.000   0.873   1    0.221
      866  0.000   0.873   1    0.221
      867  0.000   0.873   1    0.211
      868  0.000   0.872   1    0.218
      869  0.000   0.872   1    0.226
      870  0.000   0.871   1    0.225
      871  0.000   0.871   1    0.225
      872  0.000   0.871   1    0.230
      873  0.000   0.871   1    0.217
      874  0.000   0.871   1    0.196
      875  0.000   0.870   1    0.161
      876  0.000   0.869   1    0.120
      877  0.000   0.739   1    0.073
      878  0.000   0.572   0    0.038
      879  0.000   0.493   0   -0.013
      880  0.000   0.393   0   -0.028
      881  0.000   0.392   0   -0.035
      882  0.000   0.391   0   -0.032
      883  0.000   0.390   0   -0.028
      884  0.000   0.378   0   -0.027
      885  0.000   0.376   0   -0.021
      886  0.000   0.318   0   -0.043
      887  0.000   0.235   0   -0.069
      888  0.000   0.136   0   -0.094
      889  0.000   0.120   0   -0.103
      890  0.000   0.116   0   -0.117
      891  0.000   0.116   0   -0.122
      892  0.000   0.116   0   -0.119
      893  0.000   0.116   0   -0.111
      894  0.000   0.114   0   -0.095
      895  0.000   0.112   0   -0.095
      896  0.000   0.109   0   -0.112
      897  0.000   0.109   0   -0.119
      898  0.000   0.109   0   -0.128
      899  0.000   0.109   0   -0.137
      900  0.000   0.109   0   -0.165
      901  0.000   0.109   0   -0.178
      902  0.000   0.109   0   -0.187
      903  0.000   0.109   0   -0.172
      904  0.000   0.109   0   -0.148
      905  0.000   0.109   0   -0.135
      906  0.000   0.109   0   -0.109
      907  0.000   0.109   0   -0.110
      908  0.000   0.106   0   -0.121
      909  0.000   0.102   0   -0.112
      910  0.000   0.101   0   -0.113
      911  0.000   0.101   0   -0.102
      912  0.000   0.101   0   -0.098
      913  0.000   0.101   0   -0.081
      914  0.000   0.101   0   -0.081
      915  0.000   0.101   0   -0.083
      916  0.000   0.101   0   -0.064
      917  0.000   0.101   0   -0.031
      918  0.000   0.101   0   -0.019
      919  0.004   0.105   0   -0.023
      920  0.000   0.105   0   -0.030
      921  0.000   0.101   0   -0.041
      922  0.000   0.097   0   -0.049
      923  0.000   0.068   0   -0.048
      924  0.000   0.067   0   -0.045
      925  0.000   0.060   0   -0.036
      926  0.000   0.060   0   -0.037
      927  0.000   0.060   0   -0.055
      928  0.000   0.060   0   -0.056
      929  0.000   0.060   0   -0.049
      930  0.000   0.060   0   -0.029
      931  0.002   0.062   0   -0.020
      932  0.000   0.061   0   -0.016
      933  0.001   0.060   0   -0.003
      934  0.000   0.059   0    0.035
      935  0.000   0.059   0    0.061
      936  0.000   0.059   0    0.093
      937  0.000   0.059   0    0.114
      938  0.000   0.059   0    0.130
      939  0.000   0.059   0    0.141
      940  0.000   0.059   0    0.134
      941  0.000   0.059   0    0.147
      942  0.000   0.017   0    0.160
      943  0.003   0.012   0    0.185
      944  0.000   0.012   0    0.186
      945  0.004   0.016   0    0.189
      946  0.000   0.016   0    0.202
      947  0.000   0.017   0    0.215
      948  0.004   0.021   0    0.196
      949  0.002   0.023   0    0.188
      950  0.000   0.023   0    0.189
      951  0.000   0.023   0    0.200
      952  0.000   0.023   0    0.202
      953  0.001   0.024   0    0.220
      954  0.004   0.028   0    0.241
      955  0.293   0.321   1    0.272
      956  0.223   0.544   1    0.297
      957  0.209   0.753   1    0.323
      958  0.051   0.804   1    0.347
      959  0.003   0.807   1    0.366
      960  0.017   0.824   1    0.385
      961  0.038   0.862   1    0.396
      962  0.018   0.880   1    0.421
      963  0.005   0.885   1    0.460
      964  0.020   0.905   1    0.487
      965  0.022   0.927   1    0.536
      966  0.073   1.000   1    0.564
      967  0.000   1.000   1    0.595
      968  0.000   1.000   1    0.604
      969  0.000   1.000   1    0.639
      970  0.000   1.000   1    0.658
      971  0.000   1.000   1    0.654
      972  0.000   1.000   1    0.637
      973  0.000   1.000   1    0.652
      974  0.000   1.000   1    0.679
      975  0.000   1.000   1    0.712
      976  0.000   1.000   1    0.741
      977  0.000   1.000   1    0.798
      978  0.000   1.000   1    0.834
      979  0.000   1.000   1    0.878
      980  0.000   1.000   1    0.910
      981  0.000   1.000   1    0.950
      982  0.000   1.000   1    0.989
      983  0.000   1.000   1    1.028
      984  0.000   1.000   1    1.047
      985  0.000   1.000   1    1.066
      986  0.000   1.000   1    1.097
      987  0.000   1.000   1    1.144
      988  0.000   1.000   1    1.179
      989  0.000   1.000   1    1.204
      990  0.000   1.000   1    1.225
      991  0.000   1.000   1    1.260
      992  0.000   1.000   1    1.275
      993  0.000   1.000   1    1.300
      994  0.000   1.000   1    1.328
      995  0.000   1.000   1    1.370
      996  0.000   1.000   1    1.395
      997  0.000   1.000   1    1.411
      998  0.000   1.000   1    1.420
      999  0.000   1.000   1    1.452
     1000  0.000   1.000   1    1.493
     1001  0.000   1.000   1    1.542
     1002  0.000   1.000   1    1.583
     1003  0.000   1.000   1    1.652
     1004  0.000   1.000   1    1.693
     1005  0.000   1.000   1    1.728
     1006  0.000   1.000   1    1.759
     1007  0.000   1.000   1    1.795
     1008  0.000   1.000   1    1.826
     1009  0.000   1.000   1    1.847
     1010  0.000   1.000   1    1.874
     1011  0.000   1.000   1    1.901
     1012  0.000   1.000   1    1.928
     1013  0.000   1.000   1    1.958
     1014  0.000   1.000   1    1.975
     1015  0.000   1.000   1    1.993
     1016  0.000   1.000   1    2.022
     1017  0.000   1.000   1    2.048
     1018  0.000   1.000   1    2.058
     1019  0.000   1.000   1    2.063
     1020  0.000   1.000   1    2.054
     1021  0.000   1.000   1    2.068
     1022  0.000   1.000   1    2.084
     1023  0.000   1.000   1    2.119
     1024  0.000   1.000   1    2.135
     1025  0.000   1.000   1    2.168
     1026  0.000   1.000   1    2.206
     1027  0.000   1.000   1    2.251
     1028  0.000   1.000   1    2.279
     1029  0.000   1.000   1    2.296
     1030  0.000   1.000   1    2.305
     1031  0.000   1.000   1    2.324
     1032  0.000   1.000   1    2.326
     1033  0.000   1.000   1    2.342
     1034  0.000   1.000   1    2.353
     1035  0.000   1.000   1    2.367
     1036  0.000   1.000   1    2.379
     1037  0.000   1.000   1    2.404
     1038  0.000   1.000   1    2.414
     1039  0.000   1.000   1    2.449
     1040  0.000   1.000   1    2.467
     1041  0.000   1.000   1    NA
     1042  0.000   1.000   1    NA
     1043  0.000   1.000   1    NA
     1044  0.000   1.000   1    NA
     1045  0.000   1.000   1    NA
     1046  0.000   1.000   1    NA
     1047  0.000   1.000   1    NA
     1048  0.000   1.000   1    NA
     1049  0.000   1.000   1    NA
     1050  0.000   1.000   1    NA
     1051  0.000   1.000   1    NA
     1052  0.000   1.000   1    NA
     1053  0.000   1.000   1    NA
     1054  0.000   1.000   1    NA
     1055  0.000   1.000   1    NA
     1056  0.000   1.000   1    NA
     1057  0.000   1.000   1    NA
     1058  0.000   1.000   1    NA
     1059  0.000   1.000   1    NA
     1060  0.000   1.000   1    NA
     1061  0.000   1.000   1    NA
     1062  0.000   1.000   1    NA
     1063  0.000   1.000   1    NA
     1064  0.000   1.000   1    NA
     1065  0.000   1.000   1    NA
     1066  0.000   0.995   1    NA
     1067  0.000   0.995   1    NA
     1068  0.000   0.995   1    NA
     1069  0.000   0.995   1    NA
     1070  0.000   0.995   1    NA
     1071  0.000   0.995   1    NA
     1072  0.000   0.995   1    NA
     1073  0.000   0.995   1    NA
     1074  0.000   0.995   1    NA
     1075  0.000   0.995   1    NA
     1076  0.000   0.995   1    NA
     1077  0.000   0.995   1    NA
     1078  0.000   0.993   1    NA
     1079  0.000   0.993   1    NA
     1080  0.000   0.993   1    NA
     1081  0.000   0.992   1    NA
     1082  0.000   0.992   1    NA
     1083  0.000   0.992   1    NA
     1084  0.000   0.991   1    NA
     1085  0.000   0.991   1    NA
     1086  0.000   0.991   1    NA
     1087  0.000   0.991   1    NA
     1088  0.000   0.991   1    NA
     1089  0.000   0.990   1    NA
     1090  0.000   0.988   1    NA
     1091  0.000   0.988   1    NA
     1092  0.000   0.984   1    NA
     1093  0.000   0.984   1    NA
     1094  0.000   0.983   1    NA
     1095  0.000   0.979   1    NA
     1096  0.000   0.977   1    NA
     1097  0.000   0.977   1    NA
     1098  0.000   0.977   1    NA
     1099  0.000   0.977   1    NA
     1100  0.000   0.976   1    NA
     1101  0.000   0.972   1    NA
     1102  0.000   0.679   0    NA
     1103  0.000   0.456   0    NA
     1104  0.000   0.247   0    NA
     1105  0.000   0.196   0    NA
     1106  0.000   0.193   0    NA
     1107  0.000   0.176   0    NA
     1108  0.000   0.138   0    NA
     1109  0.000   0.120   0    NA
     1110  0.000   0.115   0    NA
     1111  0.000   0.095   0    NA
     1112  0.000   0.073   0    NA
     1113  0.000   0.000   0    NA
