 Position  P-start Occup  N/L  Affinity
        1  0.000   0.000   0    NA
        2  0.000   0.000   0    NA
        3  0.000   0.001   0    NA
        4  0.000   0.001   0    NA
        5  0.000   0.001   0    NA
        6  0.000   0.001   0    NA
        7  0.001   0.003   0    NA
        8  0.001   0.003   0    NA
        9  0.000   0.003   0    NA
       10  0.000   0.003   0    NA
       11  0.000   0.003   0    NA
       12  0.000   0.004   0    NA
       13  0.001   0.005   0    NA
       14  0.000   0.005   0    NA
       15  0.001   0.006   0    NA
       16  0.000   0.006   0    NA
       17  0.000   0.006   0    NA
       18  0.000   0.006   0    NA
       19  0.002   0.008   0    NA
       20  0.003   0.011   0    NA
       21  0.002   0.013   0    NA
       22  0.001   0.015   0    NA
       23  0.000   0.015   0    NA
       24  0.001   0.016   0    NA
       25  0.001   0.017   0    NA
       26  0.000   0.017   0    NA
       27  0.000   0.017   0    NA
       28  0.000   0.017   0    NA
       29  0.000   0.017   0    NA
       30  0.000   0.017   0    NA
       31  0.000   0.017   0    NA
       32  0.001   0.018   0    NA
       33  0.006   0.025   0    NA
       34  0.002   0.027   0    NA
       35  0.000   0.027   0    NA
       36  0.000   0.027   0    NA
       37  0.000   0.027   0    NA
       38  0.274   0.302   0    NA
       39  0.086   0.388   0    NA
       40  0.014   0.401   0    NA
       41  0.001   0.403   0    NA
       42  0.042   0.445   0    NA
       43  0.042   0.488   0    NA
       44  0.001   0.489   0    NA
       45  0.000   0.489   0    NA
       46  0.000   0.489   0    NA
       47  0.001   0.490   0    NA
       48  0.000   0.490   0    NA
       49  0.000   0.490   0    NA
       50  0.000   0.490   0    NA
       51  0.029   0.519   0    NA
       52  0.000   0.519   0    NA
       53  0.000   0.520   0    NA
       54  0.001   0.521   0    NA
       55  0.002   0.523   0    NA
       56  0.026   0.549   0    NA
       57  0.009   0.558   0    NA
       58  0.000   0.558   0    NA
       59  0.000   0.558   0    NA
       60  0.000   0.558   0    NA
       61  0.000   0.558   0    NA
       62  0.000   0.558   0    NA
       63  0.000   0.559   0    NA
       64  0.000   0.559   0    NA
       65  0.000   0.559   0    NA
       66  0.000   0.559   0    NA
       67  0.000   0.559   0    NA
       68  0.000   0.560   0    NA
       69  0.000   0.560   0    NA
       70  0.002   0.562   0    NA
       71  0.000   0.563   0    NA
       72  0.000   0.563   0    NA
       73  0.000   0.563   0    NA
       74  0.000   0.563   0    1.166
       75  0.000   0.563   0    1.149
       76  0.000   0.563   0    1.144
       77  0.001   0.565   0    1.110
       78  0.000   0.565   0    1.132
       79  0.000   0.565   0    1.157
       80  0.000   0.566   0    1.175
       81  0.000   0.566   0    1.166
       82  0.004   0.570   0    1.144
       83  0.000   0.570   0    1.144
       84  0.030   0.600   0    1.181
       85  0.004   0.604   0    1.211
       86  0.000   0.605   0    1.236
       87  0.000   0.605   0    1.247
       88  0.000   0.605   0    1.277
       89  0.002   0.607   0    1.304
       90  0.281   0.888   1    1.312
       91  0.081   0.969   1    1.315
       92  0.028   0.997   1    1.315
       93  0.001   0.998   1    1.321
       94  0.000   0.998   1    1.317
       95  0.000   0.998   1    1.315
       96  0.000   0.998   1    1.320
       97  0.000   0.998   1    1.336
       98  0.000   0.998   1    1.333
       99  0.000   0.998   1    1.322
      100  0.000   0.998   1    1.327
      101  0.000   0.998   1    1.338
      102  0.000   0.999   1    1.364
      103  0.000   0.999   1    1.380
      104  0.000   0.999   1    1.386
      105  0.000   0.999   1    1.384
      106  0.000   0.999   1    1.380
      107  0.000   0.999   1    1.361
      108  0.000   0.999   1    1.349
      109  0.000   0.999   1    1.344
      110  0.000   0.999   1    1.351
      111  0.000   0.999   1    1.369
      112  0.000   0.999   1    1.388
      113  0.000   0.999   1    1.389
      114  0.000   0.999   1    1.379
      115  0.000   0.999   1    1.382
      116  0.000   0.999   1    1.387
      117  0.000   0.999   1    1.400
      118  0.000   0.999   1    1.402
      119  0.000   0.999   1    1.390
      120  0.000   0.999   1    1.366
      121  0.000   0.999   1    1.359
      122  0.000   0.999   1    1.355
      123  0.000   0.999   1    1.358
      124  0.000   0.999   1    1.358
      125  0.000   0.999   1    1.351
      126  0.000   0.999   1    1.345
      127  0.000   0.999   1    1.355
      128  0.000   0.999   1    1.379
      129  0.000   0.999   1    1.394
      130  0.000   0.999   1    1.423
      131  0.000   0.999   1    1.437
      132  0.000   0.999   1    1.463
      133  0.000   0.999   1    1.451
      134  0.000   0.999   1    1.440
      135  0.000   0.999   1    1.444
      136  0.000   0.999   1    1.478
      137  0.000   0.999   1    1.516
      138  0.000   0.999   1    1.533
      139  0.000   0.999   1    1.514
      140  0.000   0.999   1    1.487
      141  0.000   0.999   1    1.452
      142  0.000   0.999   1    1.426
      143  0.000   0.999   1    1.386
      144  0.000   0.999   1    1.354
      145  0.000   0.999   1    1.338
      146  0.000   0.999   1    1.325
      147  0.000   0.999   1    1.308
      148  0.000   0.999   1    1.292
      149  0.000   0.999   1    1.283
      150  0.000   0.998   1    1.276
      151  0.000   0.998   1    1.260
      152  0.000   0.998   1    1.242
      153  0.000   0.998   1    1.238
      154  0.000   0.996   1    1.246
      155  0.000   0.995   1    1.240
      156  0.000   0.995   1    1.220
      157  0.000   0.995   1    1.186
      158  0.000   0.995   1    1.148
      159  0.000   0.995   1    1.120
      160  0.000   0.994   1    1.108
      161  0.000   0.994   1    1.094
      162  0.000   0.993   1    1.093
      163  0.000   0.993   1    1.090
      164  0.000   0.993   1    1.084
      165  0.000   0.993   1    1.066
      166  0.000   0.991   1    1.042
      167  0.000   0.988   1    1.009
      168  0.000   0.986   1    0.996
      169  0.000   0.985   1    0.972
      170  0.000   0.984   1    0.944
      171  0.000   0.983   1    0.893
      172  0.000   0.982   1    0.856
      173  0.000   0.982   1    0.827
      174  0.000   0.982   1    0.814
      175  0.000   0.982   1    0.807
      176  0.000   0.982   1    0.780
      177  0.000   0.982   1    0.743
      178  0.000   0.982   1    0.694
      179  0.000   0.981   1    0.657
      180  0.000   0.974   1    0.631
      181  0.000   0.972   1    0.601
      182  0.000   0.972   1    0.568
      183  0.000   0.972   1    0.532
      184  0.000   0.972   1    0.506
      185  0.000   0.698   1    0.458
      186  0.001   0.613   1    0.412
      187  0.002   0.601   1    0.388
      188  0.000   0.599   1    0.367
      189  0.000   0.557   1    0.339
      190  0.000   0.515   1    0.280
      191  0.000   0.514   1    0.221
      192  0.000   0.514   1    0.167
      193  0.000   0.513   1    0.120
      194  0.000   0.513   1    0.085
      195  0.000   0.513   1    0.061
      196  0.000   0.513   1    0.058
      197  0.001   0.513   1    0.059
      198  0.001   0.485   1    0.051
      199  0.000   0.485   1    0.021
      200  0.000   0.485   1   -0.011
      201  0.000   0.484   1   -0.045
      202  0.000   0.481   1   -0.057
      203  0.000   0.455   1   -0.077
      204  0.000   0.446   1   -0.102
      205  0.000   0.446   1   -0.127
      206  0.000   0.446   1   -0.142
      207  0.000   0.446   1   -0.169
      208  0.000   0.446   1   -0.189
      209  0.000   0.446   1   -0.219
      210  0.000   0.446   1   -0.243
      211  0.000   0.446   1   -0.247
      212  0.000   0.446   1   -0.254
      213  0.000   0.445   1   -0.253
      214  0.000   0.445   1   -0.249
      215  0.000   0.445   1   -0.248
      216  0.000   0.444   1   -0.243
      217  0.000   0.442   1   -0.268
      218  0.000   0.442   1   -0.317
      219  0.000   0.442   1   -0.358
      220  0.000   0.442   1   -0.380
      221  0.000   0.442   1   -0.383
      222  0.000   0.441   1   -0.385
      223  0.000   0.441   1   -0.389
      224  0.000   0.440   1   -0.404
      225  0.000   0.439   1   -0.413
      226  0.000   0.439   1   -0.424
      227  0.000   0.439   1   -0.438
      228  0.000   0.438   1   -0.450
      229  0.000   0.435   1   -0.461
      230  0.000   0.434   1   -0.476
      231  0.000   0.404   1   -0.483
      232  0.000   0.400   1   -0.468
      233  0.000   0.400   1   -0.442
      234  0.000   0.400   1   -0.434
      235  0.000   0.399   1   -0.432
      236  0.000   0.397   1   -0.433
      237  0.000   0.116   0   -0.442
      238  0.000   0.035   0   -0.453
      239  0.000   0.007   0   -0.471
      240  0.000   0.006   0   -0.478
      241  0.000   0.006   0   -0.467
      242  0.000   0.006   0   -0.472
      243  0.000   0.006   0   -0.474
      244  0.000   0.006   0   -0.476
      245  0.000   0.006   0   -0.468
      246  0.000   0.006   0   -0.483
      247  0.000   0.006   0   -0.511
      248  0.000   0.006   0   -0.539
      249  0.000   0.006   0   -0.553
      250  0.000   0.006   0   -0.569
      251  0.000   0.006   0   -0.599
      252  0.000   0.006   0   -0.645
      253  0.000   0.006   0   -0.676
      254  0.000   0.006   0   -0.696
      255  0.000   0.006   0   -0.722
      256  0.000   0.006   0   -0.767
      257  0.000   0.006   0   -0.825
      258  0.000   0.006   0   -0.880
      259  0.000   0.006   0   -0.919
      260  0.000   0.006   0   -0.956
      261  0.000   0.006   0   -0.991
      262  0.000   0.006   0   -1.017
      263  0.000   0.007   0   -1.048
      264  0.000   0.007   0   -1.078
      265  0.000   0.007   0   -1.118
      266  0.000   0.007   0   -1.179
      267  0.000   0.007   0   -1.240
      268  0.000   0.007   0   -1.298
      269  0.000   0.007   0   -1.370
      270  0.000   0.007   0   -1.440
      271  0.000   0.007   0   -1.483
      272  0.000   0.007   0   -1.493
      273  0.000   0.007   0   -1.480
      274  0.000   0.007   0   -1.474
      275  0.000   0.007   0   -1.475
      276  0.000   0.007   0   -1.485
      277  0.000   0.007   0   -1.501
      278  0.000   0.007   0   -1.538
      279  0.001   0.007   0   -1.549
      280  0.005   0.012   0   -1.564
      281  0.001   0.014   0   -1.569
      282  0.000   0.014   0   -1.563
      283  0.000   0.014   0   -1.573
      284  0.000   0.014   0   -1.569
      285  0.000   0.014   0   -1.565
      286  0.000   0.014   0   -1.565
      287  0.001   0.015   0   -1.593
      288  0.021   0.036   0   -1.620
      289  0.005   0.041   0   -1.626
      290  0.004   0.044   0   -1.637
      291  0.000   0.045   0   -1.659
      292  0.002   0.047   0   -1.671
      293  0.004   0.050   0   -1.680
      294  0.001   0.051   0   -1.696
      295  0.004   0.055   0   -1.694
      296  0.029   0.084   0   -1.706
      297  0.001   0.085   0   -1.717
      298  0.000   0.085   0   -1.735
      299  0.000   0.085   0   -1.752
      300  0.000   0.085   0   -1.744
      301  0.000   0.085   0   -1.718
      302  0.000   0.085   0   -1.668
      303  0.000   0.085   0   -1.619
      304  0.000   0.085   0   -1.592
      305  0.000   0.085   0   -1.575
      306  0.000   0.085   0   -1.542
      307  0.000   0.085   0   -1.492
      308  0.000   0.085   0   -1.440
      309  0.000   0.085   0   -1.388
      310  0.000   0.085   0   -1.339
      311  0.000   0.085   0   -1.272
      312  0.000   0.085   0   -1.206
      313  0.000   0.085   0   -1.140
      314  0.000   0.085   0   -1.091
      315  0.000   0.085   0   -1.032
      316  0.000   0.085   0   -0.985
      317  0.000   0.085   0   -0.947
      318  0.000   0.085   0   -0.914
      319  0.000   0.085   0   -0.878
      320  0.000   0.085   0   -0.834
      321  0.000   0.085   0   -0.784
      322  0.000   0.085   0   -0.735
      323  0.000   0.085   0   -0.695
      324  0.000   0.085   0   -0.628
      325  0.000   0.085   0   -0.549
      326  0.000   0.085   0   -0.482
      327  0.000   0.085   0   -0.429
      328  0.000   0.085   0   -0.390
      329  0.000   0.085   0   -0.376
      330  0.000   0.085   0   -0.358
      331  0.000   0.085   0   -0.341
      332  0.000   0.085   0   -0.306
      333  0.000   0.083   0   -0.257
      334  0.000   0.082   0   -0.197
      335  0.000   0.081   0   -0.141
      336  0.000   0.081   0   -0.079
      337  0.000   0.081   0   -0.042
      338  0.000   0.081   0    0.012
      339  0.000   0.081   0    0.053
      340  0.000   0.081   0    0.089
      341  0.000   0.081   0    0.128
      342  0.000   0.081   0    0.178
      343  0.000   0.081   0    0.216
      344  0.000   0.080   0    0.237
      345  0.000   0.080   0    0.258
      346  0.000   0.080   0    0.290
      347  0.000   0.080   0    0.309
      348  0.002   0.082   0    0.321
      349  0.004   0.085   0    0.335
      350  0.000   0.086   0    0.330
      351  0.000   0.086   0    0.312
      352  0.000   0.086   0    0.301
      353  0.001   0.086   0    0.298
      354  0.002   0.088   0    0.306
      355  0.032   0.120   0    0.286
      356  0.092   0.212   0    0.264
      357  0.068   0.280   0    0.239
      358  0.109   0.389   0    0.216
      359  0.024   0.413   0    0.196
      360  0.111   0.524   0    0.174
      361  0.010   0.534   0    0.134
      362  0.004   0.538   0    0.073
      363  0.111   0.649   0    0.004
      364  0.282   0.931   1   -0.058
      365  0.010   0.940   1   -0.088
      366  0.001   0.941   1   -0.105
      367  0.000   0.941   1   -0.109
      368  0.000   0.941   1   -0.116
      369  0.002   0.944   1   -0.120
      370  0.004   0.948   1   -0.150
      371  0.001   0.949   1   -0.184
      372  0.008   0.957   1   -0.203
      373  0.000   0.957   1   -0.223
      374  0.000   0.957   1   -0.236
      375  0.000   0.957   1   -0.257
      376  0.001   0.958   1   -0.278
      377  0.000   0.958   1   -0.306
      378  0.000   0.958   1   -0.329
      379  0.000   0.958   1   -0.349
      380  0.000   0.958   1   -0.377
      381  0.001   0.959   1   -0.400
      382  0.002   0.960   1   -0.430
      383  0.000   0.961   1   -0.453
      384  0.000   0.961   1   -0.454
      385  0.000   0.961   1   -0.455
      386  0.005   0.965   1   -0.453
      387  0.011   0.977   1   -0.470
      388  0.000   0.977   1   -0.502
      389  0.000   0.977   1   -0.538
      390  0.000   0.977   1   -0.580
      391  0.000   0.977   1   -0.622
      392  0.006   0.983   1   -0.648
      393  0.006   0.989   1   -0.657
      394  0.000   0.989   1   -0.654
      395  0.000   0.989   1   -0.642
      396  0.000   0.989   1   -0.650
      397  0.000   0.989   1   -0.669
      398  0.000   0.989   1   -0.672
      399  0.000   0.989   1   -0.656
      400  0.000   0.989   1   -0.637
      401  0.000   0.989   1   -0.603
      402  0.000   0.989   1   -0.557
      403  0.000   0.989   1   -0.508
      404  0.000   0.989   1   -0.449
      405  0.000   0.989   1   -0.399
      406  0.000   0.989   1   -0.329
      407  0.000   0.989   1   -0.272
      408  0.000   0.989   1   -0.222
      409  0.000   0.988   1   -0.168
      410  0.000   0.988   1   -0.100
      411  0.000   0.988   1   -0.048
      412  0.000   0.988   1   -0.010
      413  0.000   0.988   1    0.018
      414  0.000   0.988   1    0.052
      415  0.000   0.988   1    0.111
      416  0.000   0.988   1    0.174
      417  0.000   0.988   1    0.247
      418  0.000   0.988   1    0.330
      419  0.000   0.988   1    0.399
      420  0.000   0.988   1    0.441
      421  0.000   0.988   1    0.469
      422  0.000   0.988   1    0.494
      423  0.000   0.988   1    0.507
      424  0.000   0.988   1    0.522
      425  0.000   0.988   1    0.546
      426  0.000   0.987   1    0.577
      427  0.000   0.982   1    0.610
      428  0.000   0.981   1    0.653
      429  0.000   0.980   1    0.685
      430  0.000   0.980   1    0.704
      431  0.000   0.980   1    0.742
      432  0.000   0.980   1    0.809
      433  0.000   0.980   1    0.885
      434  0.000   0.980   1    0.909
      435  0.000   0.959   1    0.934
      436  0.000   0.954   1    0.938
      437  0.000   0.950   1    0.959
      438  0.000   0.950   1    0.995
      439  0.000   0.948   1    1.031
      440  0.000   0.944   1    1.047
      441  0.000   0.943   1    1.049
      442  0.000   0.940   1    1.057
      443  0.000   0.910   1    1.082
      444  0.000   0.909   1    1.087
      445  0.000   0.909   1    1.103
      446  0.000   0.909   1    1.111
      447  0.000   0.909   1    1.113
      448  0.000   0.909   1    1.080
      449  0.000   0.909   1    1.044
      450  0.000   0.909   1    1.008
      451  0.000   0.909   1    0.987
      452  0.000   0.909   1    0.967
      453  0.000   0.910   1    0.925
      454  0.000   0.910   1    0.893
      455  0.000   0.910   1    0.861
      456  0.000   0.910   1    0.817
      457  0.000   0.910   1    0.775
      458  0.001   0.910   1    0.730
      459  0.000   0.910   1    0.686
      460  0.000   0.910   1    0.632
      461  0.000   0.910   1    0.559
      462  0.000   0.910   1    0.503
      463  0.000   0.910   1    0.460
      464  0.000   0.911   1    0.407
      465  0.001   0.911   1    0.355
      466  0.003   0.914   1    0.299
      467  0.001   0.915   1    0.242
      468  0.000   0.915   1    0.197
      469  0.000   0.915   1    0.168
      470  0.000   0.915   1    0.119
      471  0.000   0.915   1    0.078
      472  0.001   0.916   1    0.027
      473  0.003   0.920   1   -0.051
      474  0.000   0.920   1   -0.122
      475  0.001   0.920   1   -0.181
      476  0.000   0.920   1   -0.225
      477  0.000   0.920   1   -0.283
      478  0.000   0.920   1   -0.332
      479  0.000   0.920   1   -0.378
      480  0.000   0.920   1   -0.427
      481  0.000   0.920   1   -0.484
      482  0.000   0.920   1   -0.542
      483  0.000   0.920   1   -0.592
      484  0.000   0.920   1   -0.633
      485  0.000   0.920   1   -0.657
      486  0.000   0.920   1   -0.709
      487  0.000   0.920   1   -0.783
      488  0.000   0.920   1   -0.862
      489  0.000   0.920   1   -0.904
      490  0.000   0.920   1   -0.940
      491  0.000   0.920   1   -0.965
      492  0.000   0.920   1   -0.994
      493  0.000   0.920   1   -1.033
      494  0.000   0.920   1   -1.080
      495  0.000   0.918   1   -1.125
      496  0.000   0.914   1   -1.169
      497  0.000   0.914   1   -1.198
      498  0.000   0.914   1   -1.216
      499  0.000   0.914   1   -1.220
      500  0.000   0.914   1   -1.228
      501  0.000   0.912   1   -1.232
      502  0.000   0.880   1   -1.247
      503  0.000   0.788   1   -1.230
      504  0.000   0.720   1   -1.221
      505  0.000   0.611   1   -1.224
      506  0.000   0.587   1   -1.250
      507  0.000   0.477   1   -1.272
      508  0.000   0.466   1   -1.267
      509  0.000   0.462   1   -1.260
      510  0.000   0.351   1   -1.247
      511  0.000   0.069   0   -1.232
      512  0.000   0.060   0   -1.213
      513  0.000   0.059   0   -1.196
      514  0.000   0.059   0   -1.185
      515  0.003   0.063   0   -1.158
      516  0.008   0.068   0   -1.131
      517  0.001   0.065   0   -1.109
      518  0.000   0.064   0   -1.086
      519  0.000   0.056   0   -1.060
      520  0.000   0.056   0   -1.049
      521  0.000   0.056   0   -1.017
      522  0.000   0.055   0   -0.992
      523  0.000   0.055   0   -0.982
      524  0.000   0.055   0   -0.988
      525  0.000   0.055   0   -0.988
      526  0.000   0.055   0   -0.983
      527  0.000   0.055   0   -0.972
      528  0.000   0.054   0   -0.937
      529  0.000   0.052   0   -0.898
      530  0.000   0.052   0   -0.876
      531  0.000   0.052   0   -0.872
      532  0.000   0.052   0   -0.855
      533  0.000   0.047   0   -0.829
      534  0.000   0.036   0   -0.802
      535  0.000   0.036   0   -0.779
      536  0.000   0.036   0   -0.744
      537  0.000   0.036   0   -0.714
      538  0.000   0.035   0   -0.697
      539  0.000   0.030   0   -0.689
      540  0.000   0.024   0   -0.676
      541  0.000   0.024   0   -0.648
      542  0.000   0.024   0   -0.604
      543  0.000   0.024   0   -0.563
      544  0.000   0.023   0   -0.534
      545  0.000   0.023   0   -0.538
      546  0.000   0.023   0   -0.551
      547  0.000   0.023   0   -0.571
      548  0.000   0.023   0   -0.597
      549  0.000   0.023   0   -0.620
      550  0.000   0.024   0   -0.623
      551  0.000   0.024   0   -0.620
      552  0.000   0.024   0   -0.613
      553  0.000   0.024   0   -0.611
      554  0.000   0.024   0   -0.615
      555  0.000   0.024   0   -0.624
      556  0.000   0.024   0   -0.638
      557  0.000   0.024   0   -0.644
      558  0.000   0.024   0   -0.669
      559  0.000   0.024   0   -0.687
      560  0.000   0.025   0   -0.687
      561  0.000   0.025   0   -0.652
      562  0.000   0.025   0   -0.610
      563  0.000   0.025   0   -0.590
      564  0.000   0.025   0   -0.602
      565  0.000   0.025   0   -0.629
      566  0.000   0.025   0   -0.670
      567  0.003   0.028   0   -0.727
      568  0.001   0.029   0   -0.767
      569  0.000   0.029   0   -0.810
      570  0.000   0.029   0   -0.850
      571  0.000   0.029   0   -0.872
      572  0.000   0.029   0   -0.899
      573  0.000   0.029   0   -0.938
      574  0.000   0.029   0   -0.996
      575  0.000   0.029   0   -1.049
      576  0.000   0.029   0   -1.113
      577  0.001   0.030   0   -1.159
      578  0.000   0.030   0   -1.200
      579  0.000   0.030   0   -1.235
      580  0.000   0.030   0   -1.247
      581  0.000   0.030   0   -1.263
      582  0.000   0.030   0   -1.267
      583  0.000   0.030   0   -1.300
      584  0.000   0.030   0   -1.332
      585  0.000   0.030   0   -1.366
      586  0.000   0.030   0   -1.395
      587  0.000   0.030   0   -1.430
      588  0.000   0.030   0   -1.444
      589  0.000   0.030   0   -1.460
      590  0.000   0.030   0   -1.466
      591  0.000   0.030   0   -1.482
      592  0.000   0.030   0   -1.496
      593  0.000   0.030   0   -1.499
      594  0.000   0.030   0   -1.493
      595  0.000   0.030   0   -1.496
      596  0.000   0.030   0   -1.491
      597  0.000   0.030   0   -1.498
      598  0.000   0.030   0   -1.501
      599  0.000   0.030   0   -1.510
      600  0.000   0.030   0   -1.520
      601  0.000   0.030   0   -1.514
      602  0.000   0.030   0   -1.501
      603  0.000   0.030   0   -1.475
      604  0.000   0.030   0   -1.442
      605  0.000   0.029   0   -1.413
      606  0.000   0.029   0   -1.381
      607  0.000   0.029   0   -1.365
      608  0.000   0.029   0   -1.378
      609  0.000   0.029   0   -1.399
      610  0.000   0.029   0   -1.410
      611  0.000   0.029   0   -1.410
      612  0.000   0.028   0   -1.391
      613  0.000   0.025   0   -1.368
      614  0.000   0.024   0   -1.353
      615  0.000   0.024   0   -1.372
      616  0.000   0.024   0   -1.399
      617  0.000   0.024   0   -1.428
      618  0.000   0.024   0   -1.448
      619  0.000   0.023   0   -1.461
      620  0.000   0.020   0   -1.481
      621  0.000   0.020   0   -1.473
      622  0.000   0.019   0   -1.449
      623  0.000   0.019   0   -1.414
      624  0.000   0.019   0   -1.385
      625  0.000   0.019   0   -1.361
      626  0.000   0.019   0   -1.346
      627  0.000   0.019   0   -1.329
      628  0.000   0.019   0   -1.318
      629  0.000   0.019   0   -1.308
      630  0.000   0.019   0   -1.301
      631  0.000   0.019   0   -1.294
      632  0.000   0.019   0   -1.273
      633  0.000   0.019   0   -1.234
      634  0.000   0.019   0   -1.200
      635  0.000   0.019   0   -1.178
      636  0.000   0.019   0   -1.192
      637  0.000   0.019   0   -1.205
      638  0.000   0.019   0   -1.181
      639  0.000   0.019   0   -1.158
      640  0.000   0.019   0   -1.133
      641  0.000   0.019   0   -1.105
      642  0.000   0.019   0   -1.078
      643  0.000   0.019   0   -1.062
      644  0.000   0.019   0   -1.055
      645  0.000   0.019   0   -1.049
      646  0.000   0.019   0   -1.051
      647  0.000   0.019   0   -1.077
      648  0.000   0.019   0   -1.120
      649  0.000   0.019   0   -1.161
      650  0.000   0.019   0   -1.187
      651  0.000   0.019   0   -1.213
      652  0.000   0.019   0   -1.225
      653  0.000   0.019   0   -1.247
      654  0.000   0.019   0   -1.265
      655  0.000   0.019   0   -1.251
      656  0.000   0.019   0   -1.234
      657  0.000   0.019   0   -1.221
      658  0.000   0.019   0   -1.243
      659  0.000   0.019   0   -1.266
      660  0.000   0.019   0   -1.269
      661  0.000   0.019   0   -1.262
      662  0.000   0.015   0   -1.264
      663  0.000   0.008   0   -1.269
      664  0.000   0.007   0   -1.262
      665  0.000   0.007   0   -1.249
      666  0.000   0.007   0   -1.246
      667  0.000   0.007   0   -1.240
      668  0.002   0.009   0   -1.238
      669  0.003   0.012   0   -1.254
      670  0.027   0.039   0   -1.266
      671  0.001   0.040   0   -1.279
      672  0.000   0.040   0   -1.289
      673  0.000   0.040   0   -1.293
      674  0.000   0.040   0   -1.273
      675  0.000   0.040   0   -1.239
      676  0.000   0.040   0   -1.215
      677  0.000   0.040   0   -1.204
      678  0.004   0.045   0   -1.218
      679  0.007   0.051   0   -1.223
      680  0.002   0.053   0   -1.235
      681  0.010   0.063   0   -1.243
      682  0.001   0.064   0   -1.246
      683  0.037   0.101   0   -1.241
      684  0.007   0.108   0   -1.215
      685  0.002   0.109   0   -1.181
      686  0.000   0.109   0   -1.144
      687  0.000   0.109   0   -1.130
      688  0.000   0.109   0   -1.137
      689  0.000   0.109   0   -1.150
      690  0.001   0.110   0   -1.180
      691  0.029   0.139   0   -1.168
      692  0.001   0.140   0   -1.158
      693  0.000   0.140   0   -1.152
      694  0.000   0.140   0   -1.143
      695  0.000   0.140   0   -1.125
      696  0.000   0.140   0   -1.107
      697  0.000   0.140   0   -1.082
      698  0.000   0.140   0   -1.066
      699  0.000   0.140   0   -1.050
      700  0.000   0.140   0   -1.039
      701  0.000   0.140   0   -1.017
      702  0.000   0.140   0   -0.960
      703  0.000   0.140   0   -0.897
      704  0.000   0.140   0   -0.834
      705  0.000   0.139   0   -0.786
      706  0.000   0.139   0   -0.757
      707  0.000   0.139   0   -0.761
      708  0.000   0.139   0   -0.748
      709  0.002   0.142   0   -0.720
      710  0.000   0.142   0   -0.703
      711  0.002   0.144   0   -0.681
      712  0.000   0.144   0   -0.660
      713  0.004   0.148   0   -0.602
      714  0.001   0.147   0   -0.544
      715  0.001   0.147   0   -0.506
      716  0.000   0.147   0   -0.469
      717  0.000   0.147   0   -0.431
      718  0.000   0.147   0   -0.389
      719  0.000   0.147   0   -0.357
      720  0.000   0.147   0   -0.337
      721  0.000   0.148   0   -0.307
      722  0.000   0.148   0   -0.287
      723  0.000   0.148   0   -0.274
      724  0.000   0.148   0   -0.218
      725  0.000   0.147   0   -0.144
      726  0.000   0.147   0   -0.079
      727  0.000   0.148   0   -0.013
      728  0.004   0.151   0    0.036
      729  0.008   0.159   0    0.079
      730  0.278   0.437   1    0.121
      731  0.220   0.657   1    0.151
      732  0.140   0.796   1    0.173
      733  0.152   0.949   1    0.192
      734  0.003   0.951   1    0.210
      735  0.001   0.952   1    0.249
      736  0.000   0.952   1    0.298
      737  0.002   0.954   1    0.345
      738  0.000   0.954   1    0.387
      739  0.002   0.956   1    0.422
      740  0.004   0.960   1    0.437
      741  0.003   0.964   1    0.451
      742  0.001   0.965   1    0.460
      743  0.001   0.966   1    0.480
      744  0.000   0.966   1    0.491
      745  0.000   0.967   1    0.517
      746  0.000   0.967   1    0.523
      747  0.002   0.968   1    0.553
      748  0.002   0.970   1    0.568
      749  0.001   0.971   1    0.574
      750  0.000   0.971   1    0.580
      751  0.000   0.971   1    0.579
      752  0.000   0.971   1    0.579
      753  0.000   0.971   1    0.574
      754  0.001   0.972   1    0.605
      755  0.000   0.972   1    0.648
      756  0.000   0.972   1    0.686
      757  0.000   0.972   1    0.707
      758  0.000   0.972   1    0.721
      759  0.000   0.972   1    0.744
      760  0.000   0.972   1    0.763
      761  0.008   0.980   1    0.791
      762  0.004   0.984   1    0.835
      763  0.003   0.987   1    0.873
      764  0.000   0.987   1    0.895
      765  0.000   0.987   1    0.914
      766  0.000   0.987   1    0.913
      767  0.000   0.987   1    0.923
      768  0.000   0.987   1    0.921
      769  0.000   0.987   1    0.913
      770  0.000   0.987   1    0.890
      771  0.000   0.987   1    0.853
      772  0.000   0.987   1    0.838
      773  0.000   0.987   1    0.840
      774  0.000   0.988   1    0.853
      775  0.000   0.988   1    0.880
      776  0.001   0.989   1    0.921
      777  0.000   0.989   1    0.952
      778  0.000   0.989   1    0.979
      779  0.000   0.989   1    0.983
      780  0.000   0.989   1    0.971
      781  0.000   0.989   1    0.960
      782  0.000   0.989   1    0.943
      783  0.000   0.989   1    0.950
      784  0.000   0.989   1    0.931
      785  0.000   0.989   1    0.927
      786  0.000   0.990   1    0.932
      787  0.000   0.990   1    0.949
      788  0.000   0.990   1    0.967
      789  0.000   0.990   1    0.984
      790  0.000   0.990   1    0.985
      791  0.000   0.990   1    0.972
      792  0.000   0.990   1    0.955
      793  0.000   0.990   1    0.956
      794  0.000   0.990   1    0.960
      795  0.005   0.995   1    0.978
      796  0.001   0.996   1    0.987
      797  0.000   0.996   1    1.009
      798  0.000   0.996   1    1.030
      799  0.000   0.996   1    1.076
      800  0.000   0.996   1    1.113
      801  0.000   0.996   1    1.149
      802  0.000   0.996   1    1.162
      803  0.000   0.996   1    1.169
      804  0.000   0.996   1    1.185
      805  0.000   0.996   1    1.200
      806  0.000   0.996   1    1.224
      807  0.000   0.996   1    1.262
      808  0.000   0.996   1    1.292
      809  0.000   0.996   1    1.295
      810  0.000   0.996   1    1.274
      811  0.000   0.996   1    1.264
      812  0.000   0.996   1    1.236
      813  0.000   0.996   1    1.206
      814  0.000   0.996   1    1.162
      815  0.000   0.994   1    1.129
      816  0.000   0.991   1    1.092
      817  0.000   0.964   1    1.063
      818  0.000   0.963   1    1.050
      819  0.000   0.963   1    1.047
      820  0.000   0.963   1    1.058
      821  0.000   0.963   1    1.063
      822  0.000   0.962   1    1.066
      823  0.000   0.962   1    1.060
      824  0.000   0.962   1    1.063
      825  0.000   0.958   1    1.046
      826  0.000   0.951   1    1.034
      827  0.000   0.949   1    1.021
      828  0.000   0.939   1    1.000
      829  0.000   0.939   1    0.986
      830  0.000   0.902   1    0.944
      831  0.000   0.895   1    0.911
      832  0.000   0.893   1    0.882
      833  0.000   0.893   1    0.861
      834  0.000   0.893   1    0.829
      835  0.000   0.893   1    0.814
      836  0.000   0.893   1    0.794
      837  0.000   0.892   1    0.773
      838  0.000   0.864   1    0.737
      839  0.000   0.863   1    0.715
      840  0.000   0.863   1    0.692
      841  0.000   0.863   1    0.684
      842  0.000   0.863   1    0.672
      843  0.000   0.863   1    0.659
      844  0.000   0.863   1    0.650
      845  0.000   0.863   1    0.653
      846  0.000   0.863   1    0.647
      847  0.000   0.863   1    0.636
      848  0.000   0.863   1    0.596
      849  0.000   0.863   1    0.541
      850  0.000   0.863   1    0.499
      851  0.000   0.863   1    0.454
      852  0.000   0.863   1    0.426
      853  0.000   0.863   1    0.411
      854  0.000   0.863   1    0.381
      855  0.000   0.862   1    0.352
      856  0.000   0.860   1    0.318
      857  0.000   0.860   1    0.277
      858  0.000   0.858   1    0.241
      859  0.000   0.858   1    0.211
      860  0.000   0.853   1    0.192
      861  0.000   0.852   1    0.170
      862  0.000   0.851   1    0.120
      863  0.000   0.850   1    0.077
      864  0.000   0.850   1    0.048
      865  0.000   0.850   1    0.035
      866  0.000   0.850   1    0.025
      867  0.000   0.850   1    0.006
      868  0.000   0.849   1    0.010
      869  0.000   0.849   1    0.009
      870  0.000   0.849   1    0.008
      871  0.000   0.849   1    0.015
      872  0.000   0.849   1    0.034
      873  0.000   0.849   1    0.037
      874  0.000   0.849   1    0.027
      875  0.000   0.845   1   -0.002
      876  0.000   0.837   1   -0.034
      877  0.000   0.559   0   -0.071
      878  0.000   0.339   0   -0.098
      879  0.000   0.200   0   -0.145
      880  0.000   0.047   0   -0.155
      881  0.000   0.045   0   -0.167
      882  0.000   0.044   0   -0.177
      883  0.000   0.044   0   -0.181
      884  0.000   0.042   0   -0.185
      885  0.000   0.042   0   -0.174
      886  0.000   0.040   0   -0.193
      887  0.000   0.036   0   -0.214
      888  0.000   0.033   0   -0.239
      889  0.000   0.031   0   -0.247
      890  0.000   0.030   0   -0.267
      891  0.000   0.030   0   -0.275
      892  0.000   0.030   0   -0.279
      893  0.000   0.030   0   -0.270
      894  0.000   0.028   0   -0.257
      895  0.000   0.026   0   -0.260
      896  0.000   0.026   0   -0.276
      897  0.000   0.026   0   -0.282
      898  0.000   0.026   0   -0.294
      899  0.000   0.026   0   -0.308
      900  0.000   0.025   0   -0.335
      901  0.000   0.025   0   -0.349
      902  0.000   0.024   0   -0.359
      903  0.000   0.024   0   -0.348
      904  0.000   0.024   0   -0.326
      905  0.001   0.025   0   -0.313
      906  0.000   0.025   0   -0.291
      907  0.000   0.025   0   -0.300
      908  0.000   0.017   0   -0.324
      909  0.000   0.013   0   -0.327
      910  0.000   0.010   0   -0.330
      911  0.000   0.010   0   -0.320
      912  0.000   0.010   0   -0.308
      913  0.000   0.010   0   -0.287
      914  0.000   0.010   0   -0.284
      915  0.000   0.010   0   -0.282
      916  0.000   0.010   0   -0.258
      917  0.000   0.011   0   -0.221
      918  0.000   0.011   0   -0.209
      919  0.008   0.019   0   -0.210
      920  0.000   0.019   0   -0.207
      921  0.000   0.019   0   -0.207
      922  0.000   0.018   0   -0.204
      923  0.000   0.017   0   -0.207
      924  0.000   0.017   0   -0.210
      925  0.000   0.017   0   -0.208
      926  0.000   0.017   0   -0.208
      927  0.000   0.017   0   -0.223
      928  0.000   0.017   0   -0.235
      929  0.001   0.018   0   -0.245
      930  0.000   0.019   0   -0.240
      931  0.004   0.023   0   -0.233
      932  0.000   0.023   0   -0.227
      933  0.001   0.024   0   -0.208
      934  0.000   0.023   0   -0.162
      935  0.001   0.025   0   -0.127
      936  0.000   0.025   0   -0.086
      937  0.001   0.025   0   -0.052
      938  0.000   0.025   0   -0.024
      939  0.000   0.026   0   -0.004
      940  0.000   0.026   0    0.005
      941  0.001   0.027   0    0.024
      942  0.002   0.024   0    0.030
      943  0.009   0.032   0    0.046
      944  0.000   0.033   0    0.041
      945  0.004   0.037   0    0.046
      946  0.000   0.037   0    0.061
      947  0.001   0.038   0    0.081
      948  0.010   0.048   0    0.057
      949  0.003   0.051   0    0.056
      950  0.000   0.051   0    0.064
      951  0.000   0.051   0    0.088
      952  0.000   0.051   0    0.100
      953  0.001   0.052   0    0.126
      954  0.003   0.055   0    0.151
      955  0.281   0.336   1    0.180
      956  0.222   0.558   1    0.205
      957  0.169   0.728   1    0.236
      958  0.021   0.748   1    0.269
      959  0.003   0.751   1    0.291
      960  0.017   0.769   1    0.316
      961  0.074   0.843   1    0.336
      962  0.008   0.851   1    0.376
      963  0.006   0.856   1    0.430
      964  0.022   0.879   1    0.471
      965  0.041   0.920   1    0.526
      966  0.079   1.000   1    0.558
      967  0.000   1.000   1    0.593
      968  0.000   1.000   1    0.609
      969  0.000   1.000   1    0.653
      970  0.000   1.000   1    0.671
      971  0.000   1.000   1    0.663
      972  0.000   1.000   1    0.647
      973  0.000   1.000   1    0.670
      974  0.000   1.000   1    0.702
      975  0.000   1.000   1    0.735
      976  0.000   1.000   1    0.763
      977  0.000   1.000   1    0.820
      978  0.000   1.000   1    0.857
      979  0.000   1.000   1    0.906
      980  0.000   1.000   1    0.943
      981  0.000   1.000   1    0.984
      982  0.000   1.000   1    1.016
      983  0.000   1.000   1    1.056
      984  0.000   1.000   1    1.088
      985  0.000   1.000   1    1.122
      986  0.000   1.000   1    1.155
      987  0.000   1.000   1    1.201
      988  0.000   1.000   1    1.233
      989  0.000   1.000   1    1.255
      990  0.000   1.000   1    1.271
      991  0.000   1.000   1    1.299
      992  0.000   1.000   1    1.307
      993  0.000   1.000   1    1.327
      994  0.000   1.000   1    1.350
      995  0.000   1.000   1    1.375
      996  0.000   1.000   1    1.392
      997  0.000   1.000   1    1.411
      998  0.000   1.000   1    1.428
      999  0.000   1.000   1    1.465
     1000  0.000   1.000   1    1.509
     1001  0.000   1.000   1    1.560
     1002  0.000   1.000   1    1.604
     1003  0.000   1.000   1    1.679
     1004  0.000   1.000   1    1.718
     1005  0.000   1.000   1    1.749
     1006  0.000   1.000   1    1.771
     1007  0.000   1.000   1    1.803
     1008  0.000   1.000   1    1.823
     1009  0.000   1.000   1    1.843
     1010  0.000   1.000   1    1.870
     1011  0.000   1.000   1    1.901
     1012  0.000   1.000   1    1.928
     1013  0.000   1.000   1    1.958
     1014  0.000   1.000   1    1.976
     1015  0.000   1.000   1    1.994
     1016  0.000   1.000   1    2.024
     1017  0.000   1.000   1    2.048
     1018  0.000   1.000   1    2.055
     1019  0.000   1.000   1    2.057
     1020  0.000   1.000   1    2.047
     1021  0.000   1.000   1    2.063
     1022  0.000   1.000   1    2.080
     1023  0.000   1.000   1    2.114
     1024  0.000   1.000   1    2.128
     1025  0.000   1.000   1    2.164
     1026  0.000   1.000   1    2.203
     1027  0.000   1.000   1    2.249
     1028  0.000   1.000   1    2.272
     1029  0.000   1.000   1    2.287
     1030  0.000   1.000   1    2.290
     1031  0.000   1.000   1    2.305
     1032  0.000   1.000   1    2.304
     1033  0.000   1.000   1    2.324
     1034  0.000   1.000   1    2.335
     1035  0.000   1.000   1    2.349
     1036  0.000   1.000   1    2.357
     1037  0.000   1.000   1    2.379
     1038  0.000   1.000   1    2.390
     1039  0.000   1.000   1    2.425
     1040  0.000   1.000   1    2.444
     1041  0.000   1.000   1    NA
     1042  0.000   1.000   1    NA
     1043  0.000   1.000   1    NA
     1044  0.000   1.000   1    NA
     1045  0.000   1.000   1    NA
     1046  0.000   1.000   1    NA
     1047  0.000   1.000   1    NA
     1048  0.000   1.000   1    NA
     1049  0.000   1.000   1    NA
     1050  0.000   1.000   1    NA
     1051  0.000   1.000   1    NA
     1052  0.000   0.999   1    NA
     1053  0.000   0.999   1    NA
     1054  0.000   0.999   1    NA
     1055  0.000   0.999   1    NA
     1056  0.000   0.999   1    NA
     1057  0.000   0.999   1    NA
     1058  0.000   0.999   1    NA
     1059  0.000   0.998   1    NA
     1060  0.000   0.998   1    NA
     1061  0.000   0.998   1    NA
     1062  0.000   0.998   1    NA
     1063  0.000   0.998   1    NA
     1064  0.000   0.998   1    NA
     1065  0.000   0.998   1    NA
     1066  0.000   0.990   1    NA
     1067  0.000   0.990   1    NA
     1068  0.000   0.990   1    NA
     1069  0.000   0.990   1    NA
     1070  0.000   0.990   1    NA
     1071  0.000   0.990   1    NA
     1072  0.000   0.990   1    NA
     1073  0.000   0.990   1    NA
     1074  0.000   0.990   1    NA
     1075  0.000   0.990   1    NA
     1076  0.000   0.988   1    NA
     1077  0.000   0.988   1    NA
     1078  0.000   0.984   1    NA
     1079  0.000   0.984   1    NA
     1080  0.000   0.983   1    NA
     1081  0.000   0.982   1    NA
     1082  0.000   0.981   1    NA
     1083  0.000   0.981   1    NA
     1084  0.000   0.980   1    NA
     1085  0.000   0.980   1    NA
     1086  0.000   0.980   1    NA
     1087  0.000   0.980   1    NA
     1088  0.000   0.979   1    NA
     1089  0.000   0.977   1    NA
     1090  0.000   0.968   1    NA
     1091  0.000   0.967   1    NA
     1092  0.000   0.963   1    NA
     1093  0.000   0.963   1    NA
     1094  0.000   0.962   1    NA
     1095  0.000   0.952   1    NA
     1096  0.000   0.949   1    NA
     1097  0.000   0.949   1    NA
     1098  0.000   0.949   1    NA
     1099  0.000   0.949   1    NA
     1100  0.000   0.948   1    NA
     1101  0.000   0.945   1    NA
     1102  0.000   0.664   0    NA
     1103  0.000   0.442   0    NA
     1104  0.000   0.272   0    NA
     1105  0.000   0.252   0    NA
     1106  0.000   0.248   0    NA
     1107  0.000   0.231   0    NA
     1108  0.000   0.157   0    NA
     1109  0.000   0.149   0    NA
     1110  0.000   0.143   0    NA
     1111  0.000   0.121   0    NA
     1112  0.000   0.079   0    NA
     1113  0.000   0.000   0    NA
