 Position  P-start Occup  N/L  Affinity
        1  0.000   0.000   0    NA
        2  0.000   0.000   0    NA
        3  0.000   0.001   0    NA
        4  0.000   0.001   0    NA
        5  0.000   0.001   0    NA
        6  0.000   0.001   0    NA
        7  0.001   0.003   0    NA
        8  0.001   0.003   0    NA
        9  0.000   0.004   0    NA
       10  0.000   0.004   0    NA
       11  0.000   0.004   0    NA
       12  0.000   0.004   0    NA
       13  0.001   0.005   0    NA
       14  0.000   0.005   0    NA
       15  0.001   0.006   0    NA
       16  0.000   0.006   0    NA
       17  0.000   0.006   0    NA
       18  0.000   0.006   0    NA
       19  0.002   0.008   0    NA
       20  0.003   0.011   0    NA
       21  0.002   0.014   0    NA
       22  0.001   0.015   0    NA
       23  0.000   0.015   0    NA
       24  0.001   0.016   0    NA
       25  0.001   0.017   0    NA
       26  0.000   0.017   0    NA
       27  0.000   0.017   0    NA
       28  0.000   0.017   0    NA
       29  0.000   0.017   0    NA
       30  0.000   0.017   0    NA
       31  0.000   0.017   0    NA
       32  0.001   0.019   0    NA
       33  0.007   0.025   0    NA
       34  0.002   0.027   0    NA
       35  0.000   0.028   0    NA
       36  0.000   0.028   0    NA
       37  0.000   0.028   0    NA
       38  0.276   0.304   0    NA
       39  0.087   0.391   0    NA
       40  0.014   0.405   0    NA
       41  0.002   0.406   0    NA
       42  0.043   0.449   0    NA
       43  0.043   0.492   0    NA
       44  0.001   0.493   0    NA
       45  0.000   0.493   0    NA
       46  0.000   0.493   0    NA
       47  0.001   0.494   0    NA
       48  0.000   0.494   0    NA
       49  0.000   0.494   0    NA
       50  0.000   0.494   0    NA
       51  0.029   0.523   0    NA
       52  0.000   0.524   0    NA
       53  0.000   0.524   0    NA
       54  0.001   0.525   0    NA
       55  0.002   0.527   0    NA
       56  0.026   0.553   0    NA
       57  0.009   0.562   0    NA
       58  0.000   0.563   0    NA
       59  0.000   0.563   0    NA
       60  0.000   0.563   0    NA
       61  0.000   0.563   0    NA
       62  0.000   0.563   0    NA
       63  0.000   0.563   0    NA
       64  0.000   0.563   0    NA
       65  0.000   0.563   0    NA
       66  0.000   0.564   0    NA
       67  0.000   0.564   0    NA
       68  0.000   0.564   0    NA
       69  0.000   0.564   0    NA
       70  0.002   0.567   0    NA
       71  0.000   0.567   0    NA
       72  0.000   0.567   0    NA
       73  0.000   0.567   0    NA
       74  0.000   0.567   0    1.188
       75  0.000   0.567   0    1.172
       76  0.000   0.568   0    1.167
       77  0.001   0.569   0    1.134
       78  0.000   0.570   0    1.155
       79  0.000   0.570   0    1.179
       80  0.000   0.570   0    1.197
       81  0.000   0.570   0    1.188
       82  0.004   0.574   0    1.167
       83  0.000   0.575   0    1.167
       84  0.030   0.604   0    1.203
       85  0.004   0.608   0    1.232
       86  0.000   0.609   0    1.256
       87  0.000   0.609   0    1.267
       88  0.000   0.609   0    1.296
       89  0.002   0.612   0    1.322
       90  0.278   0.889   1    1.330
       91  0.080   0.970   1    1.332
       92  0.028   0.997   1    1.332
       93  0.001   0.998   1    1.338
       94  0.000   0.998   1    1.334
       95  0.000   0.998   1    1.332
       96  0.000   0.998   1    1.337
       97  0.000   0.998   1    1.353
       98  0.000   0.998   1    1.350
       99  0.000   0.998   1    1.339
      100  0.000   0.998   1    1.344
      101  0.000   0.998   1    1.355
      102  0.000   0.999   1    1.380
      103  0.000   0.999   1    1.396
      104  0.000   0.999   1    1.401
      105  0.000   0.999   1    1.399
      106  0.000   0.999   1    1.396
      107  0.000   0.999   1    1.377
      108  0.000   0.999   1    1.366
      109  0.000   0.999   1    1.361
      110  0.000   0.999   1    1.367
      111  0.000   0.999   1    1.385
      112  0.000   0.999   1    1.403
      113  0.000   0.999   1    1.404
      114  0.000   0.999   1    1.395
      115  0.000   0.999   1    1.398
      116  0.000   0.999   1    1.402
      117  0.000   0.999   1    1.415
      118  0.000   0.999   1    1.417
      119  0.000   0.999   1    1.405
      120  0.000   0.999   1    1.382
      121  0.000   0.999   1    1.375
      122  0.000   0.999   1    1.371
      123  0.000   0.999   1    1.374
      124  0.000   0.999   1    1.374
      125  0.000   0.999   1    1.367
      126  0.000   0.999   1    1.362
      127  0.000   0.999   1    1.371
      128  0.000   0.999   1    1.394
      129  0.000   0.999   1    1.409
      130  0.000   0.999   1    1.437
      131  0.000   0.999   1    1.450
      132  0.000   0.999   1    1.475
      133  0.000   0.999   1    1.464
      134  0.000   0.999   1    1.454
      135  0.000   0.999   1    1.457
      136  0.000   0.999   1    1.490
      137  0.000   0.999   1    1.527
      138  0.000   0.999   1    1.544
      139  0.000   0.999   1    1.525
      140  0.000   0.999   1    1.499
      141  0.000   0.999   1    1.466
      142  0.000   0.999   1    1.440
      143  0.000   0.999   1    1.401
      144  0.000   0.999   1    1.370
      145  0.000   0.999   1    1.355
      146  0.000   0.999   1    1.342
      147  0.000   0.999   1    1.326
      148  0.000   0.999   1    1.310
      149  0.000   0.999   1    1.301
      150  0.000   0.998   1    1.294
      151  0.000   0.998   1    1.279
      152  0.000   0.998   1    1.262
      153  0.000   0.997   1    1.258
      154  0.000   0.996   1    1.265
      155  0.000   0.995   1    1.260
      156  0.000   0.995   1    1.240
      157  0.000   0.995   1    1.208
      158  0.000   0.995   1    1.170
      159  0.000   0.995   1    1.143
      160  0.000   0.994   1    1.132
      161  0.000   0.994   1    1.118
      162  0.000   0.993   1    1.117
      163  0.000   0.993   1    1.115
      164  0.000   0.993   1    1.108
      165  0.000   0.993   1    1.091
      166  0.000   0.991   1    1.068
      167  0.000   0.988   1    1.036
      168  0.000   0.986   1    1.024
      169  0.000   0.984   1    1.000
      170  0.000   0.984   1    0.973
      171  0.000   0.983   1    0.923
      172  0.000   0.982   1    0.887
      173  0.000   0.982   1    0.860
      174  0.000   0.982   1    0.847
      175  0.000   0.982   1    0.840
      176  0.000   0.982   1    0.814
      177  0.000   0.982   1    0.778
      178  0.000   0.982   1    0.731
      179  0.000   0.981   1    0.694
      180  0.000   0.974   1    0.669
      181  0.000   0.972   1    0.640
      182  0.000   0.972   1    0.609
      183  0.000   0.972   1    0.573
      184  0.000   0.972   1    0.549
      185  0.000   0.695   1    0.501
      186  0.001   0.610   1    0.457
      187  0.002   0.598   1    0.434
      188  0.000   0.596   1    0.414
      189  0.000   0.554   1    0.387
      190  0.000   0.511   1    0.329
      191  0.000   0.510   1    0.272
      192  0.000   0.510   1    0.220
      193  0.000   0.510   1    0.175
      194  0.000   0.509   1    0.140
      195  0.000   0.509   1    0.117
      196  0.000   0.509   1    0.114
      197  0.001   0.510   1    0.115
      198  0.001   0.481   1    0.107
      199  0.000   0.481   1    0.078
      200  0.000   0.481   1    0.047
      201  0.000   0.480   1    0.014
      202  0.000   0.477   1    0.002
      203  0.000   0.451   1   -0.017
      204  0.000   0.442   1   -0.041
      205  0.000   0.442   1   -0.065
      206  0.000   0.442   1   -0.079
      207  0.000   0.442   1   -0.106
      208  0.000   0.442   1   -0.125
      209  0.000   0.442   1   -0.154
      210  0.000   0.441   1   -0.177
      211  0.000   0.441   1   -0.182
      212  0.000   0.441   1   -0.188
      213  0.000   0.441   1   -0.188
      214  0.000   0.441   1   -0.183
      215  0.000   0.440   1   -0.182
      216  0.000   0.440   1   -0.178
      217  0.000   0.438   1   -0.202
      218  0.000   0.437   1   -0.249
      219  0.000   0.437   1   -0.289
      220  0.000   0.437   1   -0.310
      221  0.000   0.437   1   -0.314
      222  0.000   0.437   1   -0.316
      223  0.000   0.437   1   -0.319
      224  0.000   0.435   1   -0.334
      225  0.000   0.435   1   -0.342
      226  0.000   0.435   1   -0.353
      227  0.000   0.434   1   -0.366
      228  0.000   0.434   1   -0.378
      229  0.000   0.430   1   -0.389
      230  0.000   0.430   1   -0.404
      231  0.000   0.400   1   -0.411
      232  0.000   0.396   1   -0.396
      233  0.000   0.396   1   -0.371
      234  0.000   0.396   1   -0.363
      235  0.000   0.395   1   -0.361
      236  0.000   0.393   1   -0.362
      237  0.000   0.115   0   -0.370
      238  0.000   0.035   0   -0.381
      239  0.000   0.007   0   -0.398
      240  0.000   0.006   0   -0.406
      241  0.000   0.006   0   -0.394
      242  0.000   0.006   0   -0.400
      243  0.000   0.006   0   -0.402
      244  0.000   0.006   0   -0.404
      245  0.000   0.006   0   -0.396
      246  0.000   0.006   0   -0.410
      247  0.000   0.006   0   -0.438
      248  0.000   0.006   0   -0.464
      249  0.000   0.006   0   -0.478
      250  0.000   0.006   0   -0.494
      251  0.000   0.006   0   -0.523
      252  0.000   0.006   0   -0.567
      253  0.000   0.006   0   -0.597
      254  0.000   0.006   0   -0.617
      255  0.000   0.006   0   -0.642
      256  0.000   0.006   0   -0.686
      257  0.000   0.006   0   -0.742
      258  0.000   0.006   0   -0.795
      259  0.000   0.006   0   -0.832
      260  0.000   0.006   0   -0.868
      261  0.000   0.006   0   -0.903
      262  0.000   0.006   0   -0.928
      263  0.000   0.006   0   -0.958
      264  0.000   0.006   0   -0.987
      265  0.000   0.006   0   -1.026
      266  0.000   0.006   0   -1.084
      267  0.000   0.006   0   -1.144
      268  0.000   0.006   0   -1.201
      269  0.000   0.006   0   -1.270
      270  0.000   0.007   0   -1.338
      271  0.000   0.007   0   -1.380
      272  0.000   0.007   0   -1.390
      273  0.000   0.007   0   -1.377
      274  0.000   0.007   0   -1.371
      275  0.000   0.007   0   -1.372
      276  0.000   0.007   0   -1.382
      277  0.000   0.007   0   -1.397
      278  0.000   0.007   0   -1.433
      279  0.000   0.007   0   -1.443
      280  0.003   0.010   0   -1.458
      281  0.001   0.011   0   -1.463
      282  0.000   0.011   0   -1.457
      283  0.000   0.011   0   -1.466
      284  0.000   0.011   0   -1.463
      285  0.000   0.011   0   -1.459
      286  0.000   0.011   0   -1.460
      287  0.000   0.011   0   -1.487
      288  0.012   0.023   0   -1.512
      289  0.003   0.026   0   -1.518
      290  0.004   0.030   0   -1.528
      291  0.001   0.031   0   -1.550
      292  0.003   0.034   0   -1.562
      293  0.004   0.038   0   -1.570
      294  0.000   0.038   0   -1.586
      295  0.001   0.039   0   -1.584
      296  0.020   0.059   0   -1.596
      297  0.001   0.060   0   -1.607
      298  0.000   0.060   0   -1.624
      299  0.000   0.060   0   -1.640
      300  0.000   0.060   0   -1.633
      301  0.000   0.060   0   -1.607
      302  0.000   0.060   0   -1.559
      303  0.000   0.060   0   -1.511
      304  0.000   0.060   0   -1.485
      305  0.000   0.060   0   -1.469
      306  0.000   0.060   0   -1.437
      307  0.000   0.060   0   -1.388
      308  0.000   0.060   0   -1.338
      309  0.000   0.060   0   -1.288
      310  0.000   0.060   0   -1.240
      311  0.000   0.060   0   -1.175
      312  0.000   0.060   0   -1.111
      313  0.000   0.060   0   -1.047
      314  0.000   0.060   0   -0.999
      315  0.000   0.060   0   -0.942
      316  0.000   0.060   0   -0.897
      317  0.000   0.060   0   -0.860
      318  0.000   0.060   0   -0.828
      319  0.000   0.060   0   -0.793
      320  0.000   0.060   0   -0.750
      321  0.000   0.060   0   -0.702
      322  0.000   0.060   0   -0.654
      323  0.000   0.060   0   -0.616
      324  0.000   0.060   0   -0.551
      325  0.000   0.060   0   -0.475
      326  0.000   0.060   0   -0.409
      327  0.000   0.060   0   -0.358
      328  0.000   0.060   0   -0.320
      329  0.000   0.060   0   -0.306
      330  0.000   0.060   0   -0.290
      331  0.000   0.060   0   -0.272
      332  0.000   0.060   0   -0.239
      333  0.000   0.058   0   -0.191
      334  0.000   0.056   0   -0.133
      335  0.000   0.056   0   -0.079
      336  0.000   0.056   0   -0.018
      337  0.000   0.056   0    0.023
      338  0.000   0.056   0    0.078
      339  0.000   0.056   0    0.119
      340  0.000   0.056   0    0.149
      341  0.000   0.056   0    0.182
      342  0.000   0.056   0    0.231
      343  0.000   0.056   0    0.271
      344  0.000   0.055   0    0.293
      345  0.000   0.054   0    0.315
      346  0.000   0.054   0    0.346
      347  0.000   0.054   0    0.366
      348  0.002   0.056   0    0.379
      349  0.003   0.059   0    0.392
      350  0.000   0.059   0    0.389
      351  0.000   0.059   0    0.374
      352  0.000   0.060   0    0.368
      353  0.001   0.060   0    0.367
      354  0.002   0.063   0    0.376
      355  0.034   0.097   0    0.356
      356  0.093   0.190   0    0.334
      357  0.077   0.267   0    0.309
      358  0.139   0.406   0    0.291
      359  0.022   0.429   0    0.272
      360  0.171   0.600   0    0.252
      361  0.014   0.614   0    0.212
      362  0.005   0.619   0    0.155
      363  0.086   0.705   0    0.088
      364  0.246   0.951   1    0.027
      365  0.007   0.958   1   -0.005
      366  0.000   0.958   1   -0.021
      367  0.000   0.958   1   -0.024
      368  0.000   0.958   1   -0.028
      369  0.002   0.961   1   -0.030
      370  0.003   0.964   1   -0.057
      371  0.001   0.965   1   -0.088
      372  0.004   0.969   1   -0.105
      373  0.000   0.969   1   -0.122
      374  0.000   0.969   1   -0.133
      375  0.000   0.969   1   -0.154
      376  0.000   0.970   1   -0.176
      377  0.000   0.970   1   -0.202
      378  0.000   0.970   1   -0.221
      379  0.000   0.970   1   -0.239
      380  0.000   0.970   1   -0.265
      381  0.001   0.970   1   -0.288
      382  0.002   0.973   1   -0.317
      383  0.001   0.973   1   -0.340
      384  0.000   0.973   1   -0.341
      385  0.000   0.974   1   -0.342
      386  0.005   0.979   1   -0.341
      387  0.011   0.989   1   -0.356
      388  0.000   0.989   1   -0.387
      389  0.000   0.990   1   -0.422
      390  0.000   0.990   1   -0.463
      391  0.000   0.990   1   -0.502
      392  0.003   0.992   1   -0.531
      393  0.003   0.995   1   -0.542
      394  0.000   0.996   1   -0.538
      395  0.000   0.996   1   -0.520
      396  0.000   0.996   1   -0.523
      397  0.000   0.996   1   -0.543
      398  0.000   0.996   1   -0.549
      399  0.000   0.996   1   -0.532
      400  0.000   0.996   1   -0.510
      401  0.000   0.996   1   -0.477
      402  0.000   0.996   1   -0.432
      403  0.000   0.996   1   -0.384
      404  0.000   0.995   1   -0.323
      405  0.000   0.995   1   -0.274
      406  0.000   0.995   1   -0.207
      407  0.000   0.995   1   -0.152
      408  0.000   0.995   1   -0.104
      409  0.000   0.995   1   -0.052
      410  0.000   0.995   1    0.017
      411  0.000   0.995   1    0.069
      412  0.000   0.995   1    0.105
      413  0.000   0.995   1    0.129
      414  0.000   0.995   1    0.163
      415  0.000   0.995   1    0.221
      416  0.000   0.995   1    0.284
      417  0.000   0.995   1    0.354
      418  0.000   0.995   1    0.433
      419  0.000   0.995   1    0.503
      420  0.000   0.995   1    0.548
      421  0.000   0.995   1    0.577
      422  0.000   0.995   1    0.600
      423  0.000   0.995   1    0.610
      424  0.000   0.995   1    0.620
      425  0.000   0.995   1    0.639
      426  0.000   0.994   1    0.667
      427  0.000   0.991   1    0.697
      428  0.000   0.990   1    0.739
      429  0.000   0.990   1    0.774
      430  0.000   0.990   1    0.799
      431  0.000   0.990   1    0.841
      432  0.000   0.990   1    0.907
      433  0.000   0.990   1    0.979
      434  0.000   0.990   1    1.001
      435  0.000   0.978   1    1.026
      436  0.000   0.975   1    1.032
      437  0.000   0.971   1    1.053
      438  0.000   0.970   1    1.087
      439  0.000   0.967   1    1.121
      440  0.000   0.963   1    1.137
      441  0.000   0.963   1    1.140
      442  0.000   0.962   1    1.146
      443  0.000   0.942   1    1.169
      444  0.000   0.941   1    1.174
      445  0.000   0.941   1    1.191
      446  0.000   0.941   1    1.197
      447  0.000   0.941   1    1.195
      448  0.000   0.941   1    1.158
      449  0.000   0.941   1    1.115
      450  0.000   0.941   1    1.074
      451  0.000   0.941   1    1.051
      452  0.000   0.941   1    1.033
      453  0.000   0.941   1    0.991
      454  0.000   0.941   1    0.954
      455  0.000   0.941   1    0.918
      456  0.000   0.941   1    0.875
      457  0.000   0.942   1    0.833
      458  0.000   0.942   1    0.786
      459  0.000   0.942   1    0.739
      460  0.000   0.942   1    0.682
      461  0.000   0.942   1    0.608
      462  0.000   0.942   1    0.552
      463  0.000   0.942   1    0.508
      464  0.000   0.942   1    0.454
      465  0.000   0.942   1    0.400
      466  0.002   0.945   1    0.345
      467  0.001   0.945   1    0.289
      468  0.000   0.945   1    0.243
      469  0.000   0.945   1    0.210
      470  0.000   0.945   1    0.158
      471  0.000   0.945   1    0.117
      472  0.000   0.946   1    0.069
      473  0.002   0.948   1   -0.004
      474  0.000   0.948   1   -0.072
      475  0.000   0.948   1   -0.130
      476  0.000   0.948   1   -0.175
      477  0.000   0.948   1   -0.232
      478  0.000   0.948   1   -0.277
      479  0.000   0.948   1   -0.322
      480  0.000   0.948   1   -0.366
      481  0.000   0.948   1   -0.417
      482  0.000   0.948   1   -0.469
      483  0.000   0.948   1   -0.522
      484  0.000   0.948   1   -0.566
      485  0.000   0.948   1   -0.595
      486  0.000   0.948   1   -0.650
      487  0.000   0.948   1   -0.723
      488  0.000   0.948   1   -0.801
      489  0.000   0.948   1   -0.843
      490  0.000   0.948   1   -0.880
      491  0.000   0.948   1   -0.905
      492  0.000   0.948   1   -0.935
      493  0.000   0.948   1   -0.971
      494  0.000   0.948   1   -1.016
      495  0.000   0.947   1   -1.059
      496  0.000   0.943   1   -1.101
      497  0.000   0.943   1   -1.130
      498  0.000   0.943   1   -1.146
      499  0.000   0.943   1   -1.150
      500  0.000   0.942   1   -1.158
      501  0.000   0.940   1   -1.163
      502  0.000   0.906   1   -1.175
      503  0.000   0.813   1   -1.154
      504  0.000   0.736   1   -1.139
      505  0.000   0.596   1   -1.137
      506  0.000   0.574   1   -1.159
      507  0.000   0.403   1   -1.181
      508  0.000   0.389   1   -1.175
      509  0.000   0.385   1   -1.167
      510  0.000   0.299   1   -1.153
      511  0.000   0.052   0   -1.140
      512  0.000   0.046   0   -1.122
      513  0.000   0.045   0   -1.104
      514  0.000   0.045   0   -1.091
      515  0.000   0.046   0   -1.063
      516  0.001   0.044   0   -1.036
      517  0.001   0.042   0   -1.016
      518  0.000   0.041   0   -0.995
      519  0.000   0.037   0   -0.967
      520  0.000   0.037   0   -0.954
      521  0.000   0.036   0   -0.924
      522  0.000   0.036   0   -0.898
      523  0.000   0.036   0   -0.886
      524  0.000   0.036   0   -0.888
      525  0.000   0.036   0   -0.885
      526  0.000   0.036   0   -0.885
      527  0.000   0.036   0   -0.880
      528  0.000   0.035   0   -0.852
      529  0.000   0.033   0   -0.816
      530  0.000   0.032   0   -0.794
      531  0.000   0.032   0   -0.788
      532  0.000   0.032   0   -0.770
      533  0.000   0.027   0   -0.745
      534  0.000   0.016   0   -0.720
      535  0.000   0.016   0   -0.698
      536  0.000   0.016   0   -0.671
      537  0.000   0.016   0   -0.648
      538  0.000   0.016   0   -0.638
      539  0.000   0.013   0   -0.635
      540  0.000   0.010   0   -0.626
      541  0.000   0.010   0   -0.602
      542  0.000   0.010   0   -0.562
      543  0.000   0.010   0   -0.525
      544  0.000   0.010   0   -0.497
      545  0.000   0.010   0   -0.502
      546  0.000   0.010   0   -0.513
      547  0.000   0.010   0   -0.532
      548  0.000   0.010   0   -0.558
      549  0.000   0.010   0   -0.581
      550  0.000   0.010   0   -0.585
      551  0.000   0.010   0   -0.583
      552  0.000   0.010   0   -0.575
      553  0.000   0.010   0   -0.571
      554  0.000   0.010   0   -0.573
      555  0.000   0.010   0   -0.581
      556  0.000   0.010   0   -0.597
      557  0.000   0.010   0   -0.605
      558  0.000   0.011   0   -0.631
      559  0.001   0.011   0   -0.656
      560  0.000   0.011   0   -0.665
      561  0.000   0.011   0   -0.639
      562  0.000   0.011   0   -0.607
      563  0.000   0.011   0   -0.590
      564  0.000   0.011   0   -0.604
      565  0.000   0.011   0   -0.631
      566  0.000   0.011   0   -0.671
      567  0.000   0.012   0   -0.726
      568  0.000   0.012   0   -0.766
      569  0.000   0.012   0   -0.811
      570  0.000   0.012   0   -0.851
      571  0.000   0.012   0   -0.877
      572  0.000   0.012   0   -0.905
      573  0.000   0.012   0   -0.945
      574  0.000   0.012   0   -1.000
      575  0.000   0.012   0   -1.046
      576  0.000   0.012   0   -1.101
      577  0.000   0.012   0   -1.142
      578  0.000   0.012   0   -1.181
      579  0.000   0.012   0   -1.216
      580  0.000   0.012   0   -1.230
      581  0.000   0.012   0   -1.243
      582  0.000   0.012   0   -1.245
      583  0.000   0.012   0   -1.274
      584  0.000   0.012   0   -1.307
      585  0.000   0.012   0   -1.344
      586  0.000   0.012   0   -1.379
      587  0.000   0.012   0   -1.417
      588  0.000   0.012   0   -1.431
      589  0.000   0.012   0   -1.445
      590  0.000   0.012   0   -1.453
      591  0.000   0.012   0   -1.468
      592  0.000   0.012   0   -1.479
      593  0.000   0.012   0   -1.476
      594  0.000   0.012   0   -1.469
      595  0.000   0.012   0   -1.471
      596  0.000   0.012   0   -1.466
      597  0.000   0.012   0   -1.473
      598  0.000   0.012   0   -1.477
      599  0.000   0.012   0   -1.489
      600  0.000   0.012   0   -1.501
      601  0.000   0.012   0   -1.498
      602  0.000   0.012   0   -1.486
      603  0.000   0.012   0   -1.459
      604  0.000   0.012   0   -1.426
      605  0.000   0.012   0   -1.395
      606  0.000   0.012   0   -1.364
      607  0.000   0.012   0   -1.352
      608  0.000   0.012   0   -1.371
      609  0.000   0.012   0   -1.406
      610  0.000   0.012   0   -1.429
      611  0.000   0.012   0   -1.432
      612  0.000   0.011   0   -1.417
      613  0.000   0.009   0   -1.401
      614  0.000   0.009   0   -1.386
      615  0.000   0.009   0   -1.398
      616  0.000   0.008   0   -1.417
      617  0.000   0.008   0   -1.441
      618  0.000   0.008   0   -1.465
      619  0.000   0.008   0   -1.481
      620  0.000   0.006   0   -1.503
      621  0.000   0.006   0   -1.502
      622  0.000   0.005   0   -1.483
      623  0.000   0.005   0   -1.452
      624  0.000   0.005   0   -1.423
      625  0.000   0.005   0   -1.397
      626  0.000   0.005   0   -1.383
      627  0.000   0.005   0   -1.371
      628  0.000   0.005   0   -1.369
      629  0.000   0.005   0   -1.368
      630  0.000   0.005   0   -1.373
      631  0.000   0.005   0   -1.380
      632  0.000   0.005   0   -1.371
      633  0.000   0.005   0   -1.346
      634  0.000   0.005   0   -1.321
      635  0.000   0.005   0   -1.309
      636  0.000   0.005   0   -1.323
      637  0.000   0.005   0   -1.341
      638  0.000   0.005   0   -1.326
      639  0.000   0.005   0   -1.315
      640  0.000   0.005   0   -1.296
      641  0.000   0.005   0   -1.273
      642  0.000   0.005   0   -1.249
      643  0.000   0.005   0   -1.238
      644  0.000   0.005   0   -1.234
      645  0.000   0.005   0   -1.228
      646  0.000   0.005   0   -1.232
      647  0.000   0.005   0   -1.259
      648  0.000   0.005   0   -1.302
      649  0.000   0.005   0   -1.339
      650  0.000   0.005   0   -1.363
      651  0.000   0.005   0   -1.388
      652  0.000   0.005   0   -1.401
      653  0.000   0.005   0   -1.422
      654  0.000   0.005   0   -1.440
      655  0.000   0.005   0   -1.428
      656  0.000   0.005   0   -1.416
      657  0.000   0.005   0   -1.406
      658  0.000   0.005   0   -1.429
      659  0.000   0.005   0   -1.450
      660  0.000   0.005   0   -1.455
      661  0.000   0.005   0   -1.450
      662  0.000   0.004   0   -1.457
      663  0.000   0.003   0   -1.463
      664  0.000   0.003   0   -1.453
      665  0.000   0.003   0   -1.433
      666  0.000   0.002   0   -1.434
      667  0.000   0.003   0   -1.438
      668  0.001   0.004   0   -1.431
      669  0.002   0.006   0   -1.438
      670  0.035   0.041   0   -1.452
      671  0.001   0.042   0   -1.473
      672  0.000   0.042   0   -1.484
      673  0.000   0.042   0   -1.488
      674  0.000   0.042   0   -1.468
      675  0.000   0.042   0   -1.439
      676  0.000   0.042   0   -1.419
      677  0.000   0.042   0   -1.414
      678  0.001   0.043   0   -1.433
      679  0.001   0.044   0   -1.446
      680  0.001   0.045   0   -1.470
      681  0.003   0.047   0   -1.482
      682  0.000   0.047   0   -1.487
      683  0.003   0.050   0   -1.474
      684  0.001   0.051   0   -1.447
      685  0.000   0.051   0   -1.414
      686  0.000   0.052   0   -1.378
      687  0.000   0.052   0   -1.377
      688  0.000   0.052   0   -1.380
      689  0.000   0.052   0   -1.390
      690  0.001   0.052   0   -1.413
      691  0.020   0.072   0   -1.408
      692  0.001   0.073   0   -1.406
      693  0.000   0.074   0   -1.401
      694  0.000   0.074   0   -1.389
      695  0.000   0.074   0   -1.374
      696  0.000   0.074   0   -1.361
      697  0.000   0.074   0   -1.344
      698  0.000   0.074   0   -1.333
      699  0.000   0.074   0   -1.322
      700  0.000   0.074   0   -1.312
      701  0.000   0.074   0   -1.286
      702  0.000   0.074   0   -1.236
      703  0.000   0.074   0   -1.188
      704  0.000   0.073   0   -1.152
      705  0.000   0.073   0   -1.115
      706  0.000   0.073   0   -1.087
      707  0.000   0.073   0   -1.082
      708  0.000   0.073   0   -1.064
      709  0.000   0.073   0   -1.035
      710  0.000   0.073   0   -1.019
      711  0.002   0.075   0   -1.001
      712  0.000   0.075   0   -0.984
      713  0.003   0.078   0   -0.933
      714  0.000   0.077   0   -0.882
      715  0.000   0.077   0   -0.851
      716  0.000   0.077   0   -0.816
      717  0.001   0.078   0   -0.776
      718  0.000   0.078   0   -0.736
      719  0.000   0.078   0   -0.708
      720  0.000   0.078   0   -0.694
      721  0.001   0.079   0   -0.666
      722  0.001   0.080   0   -0.639
      723  0.000   0.081   0   -0.629
      724  0.000   0.080   0   -0.586
      725  0.000   0.080   0   -0.521
      726  0.000   0.080   0   -0.456
      727  0.000   0.080   0   -0.394
      728  0.001   0.082   0   -0.354
      729  0.002   0.083   0   -0.318
      730  0.135   0.218   0   -0.283
      731  0.175   0.393   1   -0.253
      732  0.083   0.475   1   -0.227
      733  0.103   0.579   1   -0.201
      734  0.002   0.581   1   -0.174
      735  0.001   0.582   1   -0.129
      736  0.000   0.582   1   -0.077
      737  0.013   0.595   1   -0.029
      738  0.002   0.597   1    0.011
      739  0.060   0.658   1    0.047
      740  0.086   0.744   1    0.062
      741  0.103   0.847   1    0.075
      742  0.017   0.864   1    0.094
      743  0.004   0.868   1    0.113
      744  0.000   0.868   1    0.126
      745  0.000   0.868   1    0.148
      746  0.000   0.868   1    0.159
      747  0.002   0.870   1    0.191
      748  0.002   0.873   1    0.207
      749  0.002   0.875   1    0.215
      750  0.000   0.875   1    0.220
      751  0.000   0.875   1    0.227
      752  0.000   0.875   1    0.235
      753  0.000   0.875   1    0.234
      754  0.000   0.876   1    0.259
      755  0.000   0.876   1    0.288
      756  0.000   0.876   1    0.316
      757  0.000   0.876   1    0.340
      758  0.000   0.876   1    0.364
      759  0.000   0.876   1    0.407
      760  0.000   0.876   1    0.425
      761  0.002   0.878   1    0.442
      762  0.004   0.882   1    0.472
      763  0.002   0.884   1    0.506
      764  0.000   0.884   1    0.533
      765  0.000   0.884   1    0.555
      766  0.000   0.884   1    0.557
      767  0.000   0.884   1    0.573
      768  0.000   0.884   1    0.575
      769  0.000   0.884   1    0.573
      770  0.000   0.884   1    0.554
      771  0.000   0.884   1    0.519
      772  0.000   0.884   1    0.507
      773  0.000   0.884   1    0.509
      774  0.004   0.889   1    0.525
      775  0.004   0.893   1    0.553
      776  0.030   0.923   1    0.594
      777  0.001   0.923   1    0.627
      778  0.008   0.931   1    0.655
      779  0.000   0.931   1    0.662
      780  0.000   0.931   1    0.656
      781  0.000   0.931   1    0.650
      782  0.000   0.931   1    0.636
      783  0.000   0.931   1    0.654
      784  0.000   0.931   1    0.652
      785  0.000   0.932   1    0.667
      786  0.002   0.934   1    0.684
      787  0.002   0.935   1    0.713
      788  0.000   0.936   1    0.738
      789  0.000   0.936   1    0.756
      790  0.000   0.936   1    0.759
      791  0.000   0.936   1    0.745
      792  0.000   0.936   1    0.729
      793  0.000   0.936   1    0.727
      794  0.000   0.936   1    0.731
      795  0.044   0.980   1    0.757
      796  0.008   0.988   1    0.773
      797  0.000   0.988   1    0.793
      798  0.000   0.988   1    0.816
      799  0.000   0.988   1    0.859
      800  0.000   0.988   1    0.896
      801  0.000   0.988   1    0.932
      802  0.000   0.988   1    0.950
      803  0.000   0.988   1    0.968
      804  0.000   0.988   1    0.985
      805  0.000   0.988   1    1.002
      806  0.000   0.988   1    1.019
      807  0.000   0.988   1    1.052
      808  0.000   0.988   1    1.083
      809  0.000   0.988   1    1.094
      810  0.000   0.988   1    1.085
      811  0.000   0.988   1    1.078
      812  0.000   0.988   1    1.055
      813  0.000   0.988   1    1.026
      814  0.000   0.988   1    0.979
      815  0.000   0.987   1    0.955
      816  0.000   0.985   1    0.935
      817  0.000   0.950   1    0.924
      818  0.000   0.949   1    0.918
      819  0.000   0.949   1    0.920
      820  0.000   0.949   1    0.939
      821  0.000   0.949   1    0.960
      822  0.000   0.949   1    0.974
      823  0.000   0.949   1    0.976
      824  0.000   0.949   1    0.987
      825  0.000   0.948   1    0.981
      826  0.000   0.947   1    0.968
      827  0.000   0.946   1    0.949
      828  0.000   0.944   1    0.928
      829  0.000   0.943   1    0.921
      830  0.000   0.941   1    0.891
      831  0.000   0.940   1    0.867
      832  0.000   0.939   1    0.846
      833  0.000   0.939   1    0.834
      834  0.000   0.939   1    0.810
      835  0.000   0.939   1    0.803
      836  0.000   0.939   1    0.788
      837  0.000   0.939   1    0.777
      838  0.000   0.919   1    0.745
      839  0.000   0.917   1    0.725
      840  0.000   0.917   1    0.699
      841  0.000   0.917   1    0.693
      842  0.000   0.917   1    0.678
      843  0.000   0.917   1    0.657
      844  0.000   0.917   1    0.647
      845  0.000   0.917   1    0.652
      846  0.000   0.917   1    0.654
      847  0.000   0.917   1    0.652
      848  0.000   0.917   1    0.620
      849  0.000   0.917   1    0.569
      850  0.000   0.917   1    0.530
      851  0.000   0.917   1    0.491
      852  0.000   0.917   1    0.478
      853  0.000   0.917   1    0.467
      854  0.000   0.917   1    0.443
      855  0.000   0.917   1    0.420
      856  0.000   0.917   1    0.395
      857  0.000   0.917   1    0.370
      858  0.000   0.915   1    0.343
      859  0.000   0.915   1    0.328
      860  0.000   0.912   1    0.321
      861  0.000   0.912   1    0.313
      862  0.000   0.912   1    0.276
      863  0.000   0.912   1    0.241
      864  0.000   0.911   1    0.223
      865  0.000   0.911   1    0.221
      866  0.000   0.911   1    0.221
      867  0.000   0.911   1    0.210
      868  0.000   0.910   1    0.218
      869  0.000   0.909   1    0.226
      870  0.000   0.908   1    0.225
      871  0.000   0.908   1    0.225
      872  0.000   0.908   1    0.229
      873  0.000   0.908   1    0.216
      874  0.000   0.908   1    0.195
      875  0.000   0.907   1    0.159
      876  0.000   0.905   1    0.117
      877  0.000   0.771   1    0.069
      878  0.000   0.596   0    0.033
      879  0.000   0.513   0   -0.019
      880  0.000   0.410   0   -0.035
      881  0.000   0.408   0   -0.042
      882  0.000   0.407   0   -0.039
      883  0.000   0.407   0   -0.035
      884  0.000   0.393   0   -0.034
      885  0.000   0.391   0   -0.028
      886  0.000   0.331   0   -0.051
      887  0.000   0.245   0   -0.077
      888  0.000   0.141   0   -0.103
      889  0.000   0.125   0   -0.112
      890  0.000   0.120   0   -0.126
      891  0.000   0.120   0   -0.131
      892  0.000   0.120   0   -0.129
      893  0.000   0.120   0   -0.120
      894  0.000   0.118   0   -0.104
      895  0.000   0.116   0   -0.103
      896  0.000   0.114   0   -0.121
      897  0.000   0.114   0   -0.129
      898  0.000   0.114   0   -0.137
      899  0.000   0.114   0   -0.147
      900  0.000   0.113   0   -0.176
      901  0.000   0.113   0   -0.189
      902  0.000   0.113   0   -0.198
      903  0.000   0.113   0   -0.183
      904  0.000   0.113   0   -0.158
      905  0.000   0.113   0   -0.144
      906  0.000   0.113   0   -0.118
      907  0.000   0.113   0   -0.119
      908  0.000   0.110   0   -0.130
      909  0.000   0.106   0   -0.121
      910  0.000   0.105   0   -0.122
      911  0.000   0.105   0   -0.111
      912  0.000   0.105   0   -0.107
      913  0.000   0.105   0   -0.090
      914  0.000   0.105   0   -0.089
      915  0.000   0.105   0   -0.091
      916  0.000   0.105   0   -0.072
      917  0.000   0.105   0   -0.038
      918  0.000   0.105   0   -0.025
      919  0.004   0.109   0   -0.030
      920  0.000   0.109   0   -0.037
      921  0.000   0.104   0   -0.048
      922  0.000   0.100   0   -0.056
      923  0.000   0.070   0   -0.055
      924  0.000   0.070   0   -0.053
      925  0.000   0.062   0   -0.043
      926  0.000   0.062   0   -0.044
      927  0.000   0.062   0   -0.063
      928  0.000   0.062   0   -0.064
      929  0.000   0.062   0   -0.057
      930  0.000   0.062   0   -0.036
      931  0.002   0.064   0   -0.027
      932  0.000   0.063   0   -0.022
      933  0.001   0.062   0   -0.009
      934  0.000   0.061   0    0.030
      935  0.000   0.061   0    0.056
      936  0.000   0.061   0    0.089
      937  0.000   0.061   0    0.111
      938  0.000   0.061   0    0.128
      939  0.000   0.061   0    0.138
      940  0.000   0.061   0    0.132
      941  0.000   0.061   0    0.145
      942  0.000   0.017   0    0.159
      943  0.003   0.012   0    0.184
      944  0.000   0.012   0    0.185
      945  0.004   0.016   0    0.188
      946  0.000   0.016   0    0.201
      947  0.000   0.017   0    0.214
      948  0.004   0.021   0    0.195
      949  0.002   0.023   0    0.187
      950  0.000   0.023   0    0.188
      951  0.000   0.023   0    0.199
      952  0.000   0.023   0    0.202
      953  0.001   0.024   0    0.220
      954  0.004   0.028   0    0.241
      955  0.293   0.321   1    0.273
      956  0.223   0.544   1    0.299
      957  0.209   0.753   1    0.325
      958  0.051   0.804   1    0.350
      959  0.003   0.807   1    0.370
      960  0.017   0.824   1    0.389
      961  0.038   0.862   1    0.400
      962  0.018   0.880   1    0.426
      963  0.005   0.885   1    0.466
      964  0.020   0.905   1    0.494
      965  0.022   0.927   1    0.544
      966  0.073   1.000   1    0.572
      967  0.000   1.000   1    0.604
      968  0.000   1.000   1    0.614
      969  0.000   1.000   1    0.649
      970  0.000   1.000   1    0.669
      971  0.000   1.000   1    0.665
      972  0.000   1.000   1    0.647
      973  0.000   1.000   1    0.663
      974  0.000   1.000   1    0.691
      975  0.000   1.000   1    0.725
      976  0.000   1.000   1    0.755
      977  0.000   1.000   1    0.813
      978  0.000   1.000   1    0.850
      979  0.000   1.000   1    0.895
      980  0.000   1.000   1    0.927
      981  0.000   1.000   1    0.969
      982  0.000   1.000   1    1.009
      983  0.000   1.000   1    1.048
      984  0.000   1.000   1    1.068
      985  0.000   1.000   1    1.088
      986  0.000   1.000   1    1.119
      987  0.000   1.000   1    1.168
      988  0.000   1.000   1    1.204
      989  0.000   1.000   1    1.229
      990  0.000   1.000   1    1.251
      991  0.000   1.000   1    1.286
      992  0.000   1.000   1    1.302
      993  0.000   1.000   1    1.328
      994  0.000   1.000   1    1.357
      995  0.000   1.000   1    1.400
      996  0.000   1.000   1    1.425
      997  0.000   1.000   1    1.442
      998  0.000   1.000   1    1.451
      999  0.000   1.000   1    1.484
     1000  0.000   1.000   1    1.526
     1001  0.000   1.000   1    1.576
     1002  0.000   1.000   1    1.618
     1003  0.000   1.000   1    1.689
     1004  0.000   1.000   1    1.731
     1005  0.000   1.000   1    1.767
     1006  0.000   1.000   1    1.798
     1007  0.000   1.000   1    1.836
     1008  0.000   1.000   1    1.868
     1009  0.000   1.000   1    1.889
     1010  0.000   1.000   1    1.916
     1011  0.000   1.000   1    1.944
     1012  0.000   1.000   1    1.972
     1013  0.000   1.000   1    2.003
     1014  0.000   1.000   1    2.020
     1015  0.000   1.000   1    2.039
     1016  0.000   1.000   1    2.068
     1017  0.000   1.000   1    2.095
     1018  0.000   1.000   1    2.105
     1019  0.000   1.000   1    2.111
     1020  0.000   1.000   1    2.102
     1021  0.000   1.000   1    2.116
     1022  0.000   1.000   1    2.133
     1023  0.000   1.000   1    2.168
     1024  0.000   1.000   1    2.184
     1025  0.000   1.000   1    2.218
     1026  0.000   1.000   1    2.257
     1027  0.000   1.000   1    2.304
     1028  0.000   1.000   1    2.333
     1029  0.000   1.000   1    2.350
     1030  0.000   1.000   1    2.359
     1031  0.000   1.000   1    2.378
     1032  0.000   1.000   1    2.381
     1033  0.000   1.000   1    2.397
     1034  0.000   1.000   1    2.408
     1035  0.000   1.000   1    2.423
     1036  0.000   1.000   1    2.435
     1037  0.000   1.000   1    2.461
     1038  0.000   1.000   1    2.470
     1039  0.000   1.000   1    2.506
     1040  0.000   1.000   1    2.526
     1041  0.000   1.000   1    NA
     1042  0.000   1.000   1    NA
     1043  0.000   1.000   1    NA
     1044  0.000   1.000   1    NA
     1045  0.000   1.000   1    NA
     1046  0.000   1.000   1    NA
     1047  0.000   1.000   1    NA
     1048  0.000   1.000   1    NA
     1049  0.000   1.000   1    NA
     1050  0.000   1.000   1    NA
     1051  0.000   1.000   1    NA
     1052  0.000   1.000   1    NA
     1053  0.000   1.000   1    NA
     1054  0.000   1.000   1    NA
     1055  0.000   1.000   1    NA
     1056  0.000   1.000   1    NA
     1057  0.000   1.000   1    NA
     1058  0.000   1.000   1    NA
     1059  0.000   1.000   1    NA
     1060  0.000   1.000   1    NA
     1061  0.000   1.000   1    NA
     1062  0.000   1.000   1    NA
     1063  0.000   1.000   1    NA
     1064  0.000   1.000   1    NA
     1065  0.000   1.000   1    NA
     1066  0.000   0.995   1    NA
     1067  0.000   0.995   1    NA
     1068  0.000   0.995   1    NA
     1069  0.000   0.995   1    NA
     1070  0.000   0.995   1    NA
     1071  0.000   0.995   1    NA
     1072  0.000   0.995   1    NA
     1073  0.000   0.995   1    NA
     1074  0.000   0.995   1    NA
     1075  0.000   0.995   1    NA
     1076  0.000   0.995   1    NA
     1077  0.000   0.995   1    NA
     1078  0.000   0.993   1    NA
     1079  0.000   0.993   1    NA
     1080  0.000   0.992   1    NA
     1081  0.000   0.992   1    NA
     1082  0.000   0.992   1    NA
     1083  0.000   0.992   1    NA
     1084  0.000   0.991   1    NA
     1085  0.000   0.991   1    NA
     1086  0.000   0.991   1    NA
     1087  0.000   0.991   1    NA
     1088  0.000   0.991   1    NA
     1089  0.000   0.990   1    NA
     1090  0.000   0.988   1    NA
     1091  0.000   0.988   1    NA
     1092  0.000   0.984   1    NA
     1093  0.000   0.984   1    NA
     1094  0.000   0.983   1    NA
     1095  0.000   0.979   1    NA
     1096  0.000   0.977   1    NA
     1097  0.000   0.977   1    NA
     1098  0.000   0.977   1    NA
     1099  0.000   0.977   1    NA
     1100  0.000   0.976   1    NA
     1101  0.000   0.972   1    NA
     1102  0.000   0.679   0    NA
     1103  0.000   0.456   0    NA
     1104  0.000   0.247   0    NA
     1105  0.000   0.196   0    NA
     1106  0.000   0.193   0    NA
     1107  0.000   0.176   0    NA
     1108  0.000   0.138   0    NA
     1109  0.000   0.120   0    NA
     1110  0.000   0.115   0    NA
     1111  0.000   0.095   0    NA
     1112  0.000   0.073   0    NA
     1113  0.000   0.000   0    NA
