 Position  P-start Occup  N/L  Affinity
        1  0.000   0.000   0    NA
        2  0.000   0.000   0    NA
        3  0.000   0.001   0    NA
        4  0.000   0.001   0    NA
        5  0.000   0.001   0    NA
        6  0.000   0.001   0    NA
        7  0.001   0.003   0    NA
        8  0.001   0.003   0    NA
        9  0.000   0.003   0    NA
       10  0.000   0.003   0    NA
       11  0.000   0.003   0    NA
       12  0.000   0.004   0    NA
       13  0.001   0.005   0    NA
       14  0.000   0.005   0    NA
       15  0.001   0.006   0    NA
       16  0.000   0.006   0    NA
       17  0.000   0.006   0    NA
       18  0.000   0.006   0    NA
       19  0.002   0.008   0    NA
       20  0.003   0.011   0    NA
       21  0.002   0.013   0    NA
       22  0.001   0.015   0    NA
       23  0.000   0.015   0    NA
       24  0.001   0.016   0    NA
       25  0.001   0.017   0    NA
       26  0.000   0.017   0    NA
       27  0.000   0.017   0    NA
       28  0.000   0.017   0    NA
       29  0.000   0.017   0    NA
       30  0.000   0.017   0    NA
       31  0.000   0.017   0    NA
       32  0.001   0.018   0    NA
       33  0.006   0.025   0    NA
       34  0.002   0.027   0    NA
       35  0.000   0.027   0    NA
       36  0.000   0.027   0    NA
       37  0.000   0.027   0    NA
       38  0.274   0.302   0    NA
       39  0.086   0.388   0    NA
       40  0.014   0.402   0    NA
       41  0.001   0.403   0    NA
       42  0.042   0.446   0    NA
       43  0.042   0.488   0    NA
       44  0.001   0.489   0    NA
       45  0.000   0.490   0    NA
       46  0.000   0.490   0    NA
       47  0.001   0.491   0    NA
       48  0.000   0.491   0    NA
       49  0.000   0.491   0    NA
       50  0.000   0.491   0    NA
       51  0.029   0.520   0    NA
       52  0.000   0.520   0    NA
       53  0.000   0.520   0    NA
       54  0.001   0.521   0    NA
       55  0.002   0.524   0    NA
       56  0.026   0.550   0    NA
       57  0.009   0.559   0    NA
       58  0.000   0.559   0    NA
       59  0.000   0.559   0    NA
       60  0.000   0.559   0    NA
       61  0.000   0.559   0    NA
       62  0.000   0.559   0    NA
       63  0.000   0.559   0    NA
       64  0.000   0.559   0    NA
       65  0.000   0.559   0    NA
       66  0.000   0.560   0    NA
       67  0.000   0.560   0    NA
       68  0.000   0.560   0    NA
       69  0.000   0.561   0    NA
       70  0.002   0.563   0    NA
       71  0.000   0.563   0    NA
       72  0.000   0.564   0    NA
       73  0.000   0.564   0    NA
       74  0.000   0.564   0    1.135
       75  0.000   0.564   0    1.118
       76  0.000   0.564   0    1.113
       77  0.001   0.566   0    1.078
       78  0.000   0.566   0    1.100
       79  0.000   0.566   0    1.125
       80  0.000   0.566   0    1.144
       81  0.000   0.567   0    1.135
       82  0.004   0.570   0    1.113
       83  0.000   0.571   0    1.113
       84  0.030   0.601   0    1.150
       85  0.004   0.605   0    1.181
       86  0.000   0.605   0    1.207
       87  0.000   0.605   0    1.218
       88  0.000   0.606   0    1.248
       89  0.002   0.608   0    1.276
       90  0.280   0.888   1    1.284
       91  0.081   0.969   1    1.287
       92  0.028   0.997   1    1.287
       93  0.001   0.998   1    1.293
       94  0.000   0.998   1    1.289
       95  0.000   0.998   1    1.287
       96  0.000   0.998   1    1.292
       97  0.000   0.998   1    1.308
       98  0.000   0.998   1    1.306
       99  0.000   0.998   1    1.294
      100  0.000   0.998   1    1.300
      101  0.000   0.998   1    1.310
      102  0.000   0.999   1    1.337
      103  0.000   0.999   1    1.354
      104  0.000   0.999   1    1.359
      105  0.000   0.999   1    1.357
      106  0.000   0.999   1    1.353
      107  0.000   0.999   1    1.333
      108  0.000   0.999   1    1.322
      109  0.000   0.999   1    1.317
      110  0.000   0.999   1    1.324
      111  0.000   0.999   1    1.342
      112  0.000   0.999   1    1.361
      113  0.000   0.999   1    1.362
      114  0.000   0.999   1    1.353
      115  0.000   0.999   1    1.356
      116  0.000   0.999   1    1.360
      117  0.000   0.999   1    1.374
      118  0.000   0.999   1    1.376
      119  0.000   0.999   1    1.363
      120  0.000   0.999   1    1.339
      121  0.000   0.999   1    1.332
      122  0.000   0.999   1    1.327
      123  0.000   0.999   1    1.330
      124  0.000   0.999   1    1.331
      125  0.000   0.999   1    1.323
      126  0.000   0.999   1    1.318
      127  0.000   0.999   1    1.328
      128  0.000   0.999   1    1.352
      129  0.000   0.999   1    1.367
      130  0.000   0.999   1    1.397
      131  0.000   0.999   1    1.411
      132  0.000   0.999   1    1.437
      133  0.000   0.999   1    1.426
      134  0.000   0.999   1    1.414
      135  0.000   0.999   1    1.418
      136  0.000   0.999   1    1.453
      137  0.000   0.999   1    1.492
      138  0.000   0.999   1    1.509
      139  0.000   0.999   1    1.490
      140  0.000   0.999   1    1.463
      141  0.000   0.999   1    1.427
      142  0.000   0.999   1    1.401
      143  0.000   0.999   1    1.359
      144  0.000   0.999   1    1.326
      145  0.000   0.999   1    1.311
      146  0.000   0.999   1    1.297
      147  0.000   0.999   1    1.280
      148  0.000   0.999   1    1.263
      149  0.000   0.999   1    1.254
      150  0.000   0.998   1    1.247
      151  0.000   0.998   1    1.231
      152  0.000   0.998   1    1.213
      153  0.000   0.998   1    1.208
      154  0.000   0.996   1    1.217
      155  0.000   0.995   1    1.210
      156  0.000   0.995   1    1.190
      157  0.000   0.995   1    1.156
      158  0.000   0.995   1    1.116
      159  0.000   0.995   1    1.088
      160  0.000   0.994   1    1.076
      161  0.000   0.994   1    1.062
      162  0.000   0.993   1    1.061
      163  0.000   0.993   1    1.058
      164  0.000   0.993   1    1.051
      165  0.000   0.993   1    1.033
      166  0.000   0.991   1    1.009
      167  0.000   0.988   1    0.975
      168  0.000   0.986   1    0.962
      169  0.000   0.985   1    0.937
      170  0.000   0.984   1    0.909
      171  0.000   0.983   1    0.857
      172  0.000   0.982   1    0.819
      173  0.000   0.982   1    0.790
      174  0.000   0.982   1    0.776
      175  0.000   0.982   1    0.769
      176  0.000   0.982   1    0.742
      177  0.000   0.982   1    0.704
      178  0.000   0.982   1    0.654
      179  0.000   0.981   1    0.616
      180  0.000   0.974   1    0.589
      181  0.000   0.972   1    0.559
      182  0.000   0.972   1    0.526
      183  0.000   0.972   1    0.488
      184  0.000   0.972   1    0.462
      185  0.000   0.697   1    0.413
      186  0.001   0.612   1    0.366
      187  0.002   0.600   1    0.342
      188  0.000   0.599   1    0.320
      189  0.000   0.557   1    0.292
      190  0.000   0.514   1    0.232
      191  0.000   0.513   1    0.172
      192  0.000   0.513   1    0.116
      193  0.000   0.513   1    0.069
      194  0.000   0.512   1    0.033
      195  0.000   0.512   1    0.008
      196  0.000   0.512   1    0.005
      197  0.001   0.513   1    0.006
      198  0.001   0.484   1   -0.002
      199  0.000   0.484   1   -0.033
      200  0.000   0.484   1   -0.065
      201  0.000   0.483   1   -0.100
      202  0.000   0.481   1   -0.113
      203  0.000   0.455   1   -0.133
      204  0.000   0.446   1   -0.158
      205  0.000   0.445   1   -0.183
      206  0.000   0.445   1   -0.198
      207  0.000   0.445   1   -0.226
      208  0.000   0.445   1   -0.246
      209  0.000   0.445   1   -0.277
      210  0.000   0.445   1   -0.301
      211  0.000   0.445   1   -0.306
      212  0.000   0.445   1   -0.313
      213  0.000   0.444   1   -0.312
      214  0.000   0.444   1   -0.307
      215  0.000   0.444   1   -0.307
      216  0.000   0.444   1   -0.302
      217  0.000   0.441   1   -0.328
      218  0.000   0.441   1   -0.377
      219  0.000   0.441   1   -0.419
      220  0.000   0.441   1   -0.441
      221  0.000   0.441   1   -0.445
      222  0.000   0.441   1   -0.447
      223  0.000   0.440   1   -0.451
      224  0.000   0.439   1   -0.466
      225  0.000   0.439   1   -0.475
      226  0.000   0.439   1   -0.486
      227  0.000   0.438   1   -0.500
      228  0.000   0.438   1   -0.513
      229  0.000   0.434   1   -0.524
      230  0.000   0.434   1   -0.540
      231  0.000   0.404   1   -0.547
      232  0.000   0.399   1   -0.531
      233  0.000   0.399   1   -0.505
      234  0.000   0.399   1   -0.497
      235  0.000   0.399   1   -0.495
      236  0.000   0.396   1   -0.496
      237  0.000   0.116   0   -0.504
      238  0.000   0.035   0   -0.516
      239  0.000   0.007   0   -0.534
      240  0.000   0.006   0   -0.542
      241  0.000   0.006   0   -0.530
      242  0.000   0.006   0   -0.536
      243  0.000   0.006   0   -0.538
      244  0.000   0.006   0   -0.540
      245  0.000   0.006   0   -0.531
      246  0.000   0.006   0   -0.546
      247  0.000   0.006   0   -0.575
      248  0.000   0.006   0   -0.603
      249  0.000   0.006   0   -0.617
      250  0.000   0.006   0   -0.635
      251  0.000   0.006   0   -0.665
      252  0.000   0.006   0   -0.711
      253  0.000   0.006   0   -0.743
      254  0.000   0.006   0   -0.764
      255  0.000   0.006   0   -0.790
      256  0.000   0.006   0   -0.836
      257  0.000   0.006   0   -0.896
      258  0.000   0.006   0   -0.951
      259  0.000   0.006   0   -0.991
      260  0.000   0.006   0   -1.028
      261  0.000   0.006   0   -1.065
      262  0.000   0.006   0   -1.091
      263  0.000   0.007   0   -1.122
      264  0.000   0.007   0   -1.153
      265  0.000   0.007   0   -1.194
      266  0.000   0.007   0   -1.256
      267  0.000   0.007   0   -1.318
      268  0.000   0.007   0   -1.378
      269  0.000   0.007   0   -1.451
      270  0.000   0.007   0   -1.523
      271  0.000   0.007   0   -1.566
      272  0.000   0.007   0   -1.577
      273  0.000   0.007   0   -1.563
      274  0.000   0.007   0   -1.557
      275  0.000   0.007   0   -1.558
      276  0.000   0.007   0   -1.568
      277  0.000   0.007   0   -1.584
      278  0.000   0.007   0   -1.622
      279  0.001   0.007   0   -1.633
      280  0.005   0.012   0   -1.649
      281  0.001   0.014   0   -1.654
      282  0.000   0.014   0   -1.648
      283  0.000   0.014   0   -1.657
      284  0.000   0.014   0   -1.654
      285  0.000   0.014   0   -1.650
      286  0.000   0.014   0   -1.650
      287  0.001   0.015   0   -1.679
      288  0.021   0.036   0   -1.706
      289  0.005   0.041   0   -1.712
      290  0.004   0.045   0   -1.723
      291  0.000   0.045   0   -1.746
      292  0.002   0.047   0   -1.758
      293  0.004   0.051   0   -1.767
      294  0.001   0.052   0   -1.783
      295  0.004   0.055   0   -1.782
      296  0.030   0.085   0   -1.794
      297  0.001   0.086   0   -1.805
      298  0.000   0.086   0   -1.823
      299  0.000   0.086   0   -1.840
      300  0.000   0.086   0   -1.832
      301  0.000   0.086   0   -1.805
      302  0.000   0.086   0   -1.755
      303  0.000   0.086   0   -1.705
      304  0.000   0.086   0   -1.677
      305  0.000   0.086   0   -1.660
      306  0.000   0.086   0   -1.626
      307  0.000   0.086   0   -1.575
      308  0.000   0.086   0   -1.522
      309  0.000   0.086   0   -1.469
      310  0.000   0.086   0   -1.420
      311  0.000   0.086   0   -1.351
      312  0.000   0.086   0   -1.283
      313  0.000   0.086   0   -1.217
      314  0.000   0.086   0   -1.166
      315  0.000   0.086   0   -1.106
      316  0.000   0.086   0   -1.058
      317  0.000   0.086   0   -1.020
      318  0.000   0.086   0   -0.986
      319  0.000   0.086   0   -0.949
      320  0.000   0.086   0   -0.904
      321  0.000   0.086   0   -0.853
      322  0.000   0.086   0   -0.803
      323  0.000   0.086   0   -0.763
      324  0.000   0.086   0   -0.695
      325  0.000   0.086   0   -0.614
      326  0.000   0.086   0   -0.545
      327  0.000   0.086   0   -0.491
      328  0.000   0.086   0   -0.451
      329  0.000   0.086   0   -0.437
      330  0.000   0.086   0   -0.419
      331  0.000   0.086   0   -0.401
      332  0.000   0.086   0   -0.366
      333  0.000   0.084   0   -0.316
      334  0.000   0.082   0   -0.255
      335  0.000   0.082   0   -0.198
      336  0.000   0.082   0   -0.134
      337  0.000   0.082   0   -0.097
      338  0.000   0.082   0   -0.042
      339  0.000   0.082   0    0.000
      340  0.000   0.082   0    0.037
      341  0.000   0.082   0    0.077
      342  0.000   0.082   0    0.128
      343  0.000   0.082   0    0.167
      344  0.000   0.081   0    0.188
      345  0.000   0.080   0    0.209
      346  0.000   0.080   0    0.241
      347  0.000   0.081   0    0.261
      348  0.002   0.083   0    0.273
      349  0.004   0.086   0    0.288
      350  0.000   0.086   0    0.282
      351  0.000   0.086   0    0.264
      352  0.000   0.087   0    0.253
      353  0.001   0.087   0    0.250
      354  0.002   0.089   0    0.258
      355  0.032   0.121   0    0.238
      356  0.092   0.213   0    0.216
      357  0.068   0.281   0    0.189
      358  0.109   0.390   0    0.167
      359  0.024   0.414   0    0.146
      360  0.111   0.525   0    0.124
      361  0.010   0.535   0    0.082
      362  0.004   0.539   0    0.021
      363  0.111   0.650   0   -0.050
      364  0.281   0.932   1   -0.113
      365  0.010   0.941   1   -0.144
      366  0.001   0.942   1   -0.161
      367  0.000   0.942   1   -0.165
      368  0.000   0.942   1   -0.172
      369  0.002   0.944   1   -0.176
      370  0.004   0.948   1   -0.207
      371  0.001   0.950   1   -0.242
      372  0.008   0.957   1   -0.261
      373  0.000   0.958   1   -0.281
      374  0.000   0.958   1   -0.294
      375  0.000   0.958   1   -0.316
      376  0.001   0.958   1   -0.338
      377  0.000   0.958   1   -0.366
      378  0.000   0.958   1   -0.389
      379  0.000   0.958   1   -0.409
      380  0.000   0.958   1   -0.438
      381  0.001   0.959   1   -0.462
      382  0.002   0.961   1   -0.492
      383  0.000   0.961   1   -0.516
      384  0.000   0.961   1   -0.517
      385  0.000   0.962   1   -0.518
      386  0.005   0.966   1   -0.516
      387  0.011   0.978   1   -0.533
      388  0.000   0.978   1   -0.566
      389  0.000   0.978   1   -0.602
      390  0.000   0.978   1   -0.645
      391  0.000   0.978   1   -0.688
      392  0.006   0.984   1   -0.715
      393  0.006   0.990   1   -0.724
      394  0.000   0.990   1   -0.721
      395  0.000   0.990   1   -0.709
      396  0.000   0.990   1   -0.717
      397  0.000   0.990   1   -0.736
      398  0.000   0.990   1   -0.740
      399  0.000   0.990   1   -0.723
      400  0.000   0.990   1   -0.703
      401  0.000   0.990   1   -0.668
      402  0.000   0.990   1   -0.622
      403  0.000   0.990   1   -0.572
      404  0.000   0.990   1   -0.512
      405  0.000   0.990   1   -0.460
      406  0.000   0.990   1   -0.390
      407  0.000   0.990   1   -0.331
      408  0.000   0.990   1   -0.281
      409  0.000   0.989   1   -0.225
      410  0.000   0.989   1   -0.156
      411  0.000   0.989   1   -0.102
      412  0.000   0.989   1   -0.064
      413  0.000   0.989   1   -0.036
      414  0.000   0.989   1   -0.001
      415  0.000   0.989   1    0.059
      416  0.000   0.989   1    0.124
      417  0.000   0.989   1    0.198
      418  0.000   0.989   1    0.282
      419  0.000   0.989   1    0.353
      420  0.000   0.989   1    0.396
      421  0.000   0.989   1    0.424
      422  0.000   0.989   1    0.450
      423  0.000   0.989   1    0.463
      424  0.000   0.989   1    0.478
      425  0.000   0.989   1    0.503
      426  0.000   0.988   1    0.535
      427  0.000   0.983   1    0.568
      428  0.000   0.982   1    0.612
      429  0.000   0.981   1    0.645
      430  0.000   0.981   1    0.664
      431  0.000   0.981   1    0.703
      432  0.000   0.981   1    0.771
      433  0.000   0.981   1    0.849
      434  0.000   0.981   1    0.873
      435  0.000   0.960   1    0.898
      436  0.000   0.955   1    0.902
      437  0.000   0.951   1    0.924
      438  0.000   0.951   1    0.960
      439  0.000   0.949   1    0.997
      440  0.000   0.945   1    1.013
      441  0.000   0.944   1    1.016
      442  0.000   0.940   1    1.023
      443  0.000   0.910   1    1.049
      444  0.000   0.910   1    1.054
      445  0.000   0.910   1    1.071
      446  0.000   0.910   1    1.078
      447  0.000   0.910   1    1.081
      448  0.000   0.910   1    1.048
      449  0.000   0.910   1    1.010
      450  0.000   0.910   1    0.974
      451  0.000   0.910   1    0.953
      452  0.000   0.910   1    0.932
      453  0.000   0.910   1    0.889
      454  0.000   0.910   1    0.857
      455  0.000   0.910   1    0.824
      456  0.000   0.910   1    0.779
      457  0.000   0.910   1    0.736
      458  0.001   0.910   1    0.690
      459  0.000   0.910   1    0.646
      460  0.000   0.910   1    0.590
      461  0.000   0.910   1    0.516
      462  0.000   0.910   1    0.459
      463  0.000   0.911   1    0.415
      464  0.000   0.911   1    0.361
      465  0.001   0.911   1    0.308
      466  0.003   0.915   1    0.251
      467  0.001   0.915   1    0.193
      468  0.000   0.916   1    0.147
      469  0.000   0.916   1    0.118
      470  0.000   0.916   1    0.068
      471  0.000   0.916   1    0.026
      472  0.001   0.916   1   -0.026
      473  0.003   0.920   1   -0.106
      474  0.000   0.920   1   -0.179
      475  0.001   0.921   1   -0.238
      476  0.000   0.921   1   -0.284
      477  0.000   0.921   1   -0.343
      478  0.000   0.921   1   -0.392
      479  0.000   0.921   1   -0.439
      480  0.000   0.921   1   -0.489
      481  0.000   0.921   1   -0.548
      482  0.000   0.921   1   -0.607
      483  0.000   0.921   1   -0.658
      484  0.000   0.921   1   -0.699
      485  0.000   0.921   1   -0.724
      486  0.000   0.921   1   -0.777
      487  0.000   0.921   1   -0.852
      488  0.000   0.921   1   -0.933
      489  0.000   0.921   1   -0.975
      490  0.000   0.921   1   -1.012
      491  0.000   0.921   1   -1.038
      492  0.000   0.921   1   -1.068
      493  0.000   0.921   1   -1.108
      494  0.000   0.920   1   -1.155
      495  0.000   0.919   1   -1.201
      496  0.000   0.915   1   -1.246
      497  0.000   0.915   1   -1.276
      498  0.000   0.915   1   -1.294
      499  0.000   0.915   1   -1.298
      500  0.000   0.914   1   -1.306
      501  0.000   0.913   1   -1.310
      502  0.000   0.880   1   -1.326
      503  0.000   0.788   1   -1.308
      504  0.000   0.720   1   -1.299
      505  0.000   0.611   1   -1.302
      506  0.000   0.587   1   -1.329
      507  0.001   0.477   1   -1.351
      508  0.000   0.467   1   -1.345
      509  0.000   0.463   1   -1.339
      510  0.000   0.352   1   -1.325
      511  0.000   0.071   0   -1.311
      512  0.000   0.061   0   -1.291
      513  0.000   0.061   0   -1.273
      514  0.000   0.061   0   -1.262
      515  0.001   0.062   0   -1.235
      516  0.004   0.063   0   -1.207
      517  0.002   0.061   0   -1.185
      518  0.000   0.060   0   -1.161
      519  0.000   0.052   0   -1.134
      520  0.000   0.052   0   -1.124
      521  0.000   0.052   0   -1.091
      522  0.000   0.052   0   -1.066
      523  0.000   0.051   0   -1.055
      524  0.000   0.051   0   -1.061
      525  0.000   0.051   0   -1.061
      526  0.000   0.051   0   -1.057
      527  0.000   0.051   0   -1.045
      528  0.000   0.050   0   -1.010
      529  0.000   0.048   0   -0.970
      530  0.000   0.048   0   -0.948
      531  0.000   0.048   0   -0.943
      532  0.000   0.048   0   -0.926
      533  0.000   0.043   0   -0.899
      534  0.000   0.032   0   -0.872
      535  0.000   0.032   0   -0.848
      536  0.000   0.031   0   -0.813
      537  0.000   0.031   0   -0.782
      538  0.000   0.031   0   -0.764
      539  0.000   0.026   0   -0.756
      540  0.000   0.019   0   -0.744
      541  0.000   0.019   0   -0.715
      542  0.000   0.019   0   -0.669
      543  0.000   0.019   0   -0.629
      544  0.000   0.019   0   -0.580
      545  0.000   0.019   0   -0.576
      546  0.000   0.019   0   -0.585
      547  0.000   0.019   0   -0.599
      548  0.000   0.019   0   -0.623
      549  0.000   0.019   0   -0.643
      550  0.000   0.019   0   -0.644
      551  0.000   0.020   0   -0.640
      552  0.000   0.020   0   -0.630
      553  0.000   0.020   0   -0.623
      554  0.000   0.020   0   -0.621
      555  0.000   0.020   0   -0.625
      556  0.000   0.020   0   -0.635
      557  0.000   0.020   0   -0.638
      558  0.001   0.021   0   -0.662
      559  0.001   0.021   0   -0.685
      560  0.000   0.022   0   -0.690
      561  0.000   0.022   0   -0.661
      562  0.000   0.022   0   -0.622
      563  0.000   0.022   0   -0.599
      564  0.000   0.022   0   -0.607
      565  0.000   0.022   0   -0.630
      566  0.000   0.022   0   -0.668
      567  0.001   0.023   0   -0.723
      568  0.002   0.025   0   -0.763
      569  0.000   0.025   0   -0.805
      570  0.000   0.025   0   -0.839
      571  0.000   0.025   0   -0.855
      572  0.000   0.025   0   -0.879
      573  0.000   0.025   0   -0.919
      574  0.000   0.025   0   -0.975
      575  0.000   0.025   0   -1.022
      576  0.000   0.025   0   -1.079
      577  0.001   0.026   0   -1.122
      578  0.000   0.026   0   -1.163
      579  0.000   0.026   0   -1.198
      580  0.000   0.026   0   -1.210
      581  0.000   0.026   0   -1.226
      582  0.000   0.026   0   -1.230
      583  0.000   0.026   0   -1.259
      584  0.000   0.026   0   -1.289
      585  0.000   0.026   0   -1.318
      586  0.000   0.026   0   -1.345
      587  0.000   0.026   0   -1.377
      588  0.000   0.026   0   -1.388
      589  0.000   0.026   0   -1.402
      590  0.000   0.026   0   -1.407
      591  0.000   0.026   0   -1.424
      592  0.000   0.026   0   -1.441
      593  0.000   0.026   0   -1.447
      594  0.000   0.026   0   -1.446
      595  0.000   0.026   0   -1.450
      596  0.000   0.026   0   -1.445
      597  0.000   0.026   0   -1.450
      598  0.000   0.026   0   -1.453
      599  0.000   0.026   0   -1.481
      600  0.000   0.026   0   -1.503
      601  0.000   0.026   0   -1.502
      602  0.000   0.026   0   -1.488
      603  0.000   0.026   0   -1.459
      604  0.000   0.026   0   -1.425
      605  0.000   0.026   0   -1.394
      606  0.000   0.026   0   -1.361
      607  0.000   0.026   0   -1.345
      608  0.000   0.026   0   -1.360
      609  0.000   0.026   0   -1.383
      610  0.000   0.026   0   -1.398
      611  0.000   0.025   0   -1.404
      612  0.000   0.025   0   -1.389
      613  0.000   0.022   0   -1.370
      614  0.000   0.021   0   -1.348
      615  0.001   0.021   0   -1.354
      616  0.000   0.021   0   -1.371
      617  0.000   0.021   0   -1.391
      618  0.000   0.021   0   -1.415
      619  0.000   0.021   0   -1.429
      620  0.000   0.017   0   -1.449
      621  0.000   0.017   0   -1.442
      622  0.000   0.017   0   -1.416
      623  0.000   0.017   0   -1.382
      624  0.000   0.017   0   -1.354
      625  0.000   0.017   0   -1.335
      626  0.000   0.017   0   -1.327
      627  0.000   0.017   0   -1.312
      628  0.000   0.017   0   -1.306
      629  0.000   0.017   0   -1.302
      630  0.000   0.017   0   -1.306
      631  0.000   0.017   0   -1.301
      632  0.000   0.017   0   -1.276
      633  0.000   0.017   0   -1.233
      634  0.000   0.017   0   -1.197
      635  0.000   0.017   0   -1.177
      636  0.000   0.017   0   -1.192
      637  0.000   0.017   0   -1.205
      638  0.000   0.017   0   -1.185
      639  0.000   0.017   0   -1.169
      640  0.000   0.017   0   -1.152
      641  0.000   0.017   0   -1.130
      642  0.000   0.017   0   -1.107
      643  0.000   0.017   0   -1.095
      644  0.000   0.017   0   -1.088
      645  0.000   0.016   0   -1.079
      646  0.000   0.016   0   -1.074
      647  0.000   0.016   0   -1.093
      648  0.000   0.016   0   -1.128
      649  0.000   0.016   0   -1.161
      650  0.000   0.016   0   -1.182
      651  0.000   0.016   0   -1.205
      652  0.000   0.016   0   -1.217
      653  0.000   0.016   0   -1.240
      654  0.000   0.016   0   -1.255
      655  0.000   0.015   0   -1.236
      656  0.000   0.015   0   -1.213
      657  0.000   0.015   0   -1.199
      658  0.000   0.015   0   -1.217
      659  0.000   0.015   0   -1.235
      660  0.000   0.015   0   -1.232
      661  0.000   0.015   0   -1.218
      662  0.000   0.014   0   -1.217
      663  0.000   0.010   0   -1.221
      664  0.000   0.008   0   -1.216
      665  0.000   0.008   0   -1.201
      666  0.000   0.008   0   -1.195
      667  0.000   0.009   0   -1.183
      668  0.001   0.010   0   -1.173
      669  0.002   0.012   0   -1.184
      670  0.027   0.038   0   -1.198
      671  0.001   0.039   0   -1.213
      672  0.000   0.039   0   -1.226
      673  0.000   0.039   0   -1.228
      674  0.000   0.039   0   -1.208
      675  0.000   0.039   0   -1.176
      676  0.000   0.039   0   -1.150
      677  0.000   0.039   0   -1.140
      678  0.003   0.042   0   -1.156
      679  0.007   0.049   0   -1.160
      680  0.003   0.052   0   -1.167
      681  0.012   0.064   0   -1.169
      682  0.000   0.065   0   -1.171
      683  0.034   0.098   0   -1.159
      684  0.014   0.112   0   -1.130
      685  0.007   0.119   0   -1.096
      686  0.000   0.119   0   -1.066
      687  0.000   0.119   0   -1.060
      688  0.000   0.119   0   -1.070
      689  0.000   0.119   0   -1.081
      690  0.001   0.120   0   -1.103
      691  0.028   0.148   0   -1.089
      692  0.001   0.149   0   -1.078
      693  0.000   0.149   0   -1.071
      694  0.000   0.149   0   -1.054
      695  0.000   0.149   0   -1.033
      696  0.000   0.149   0   -1.012
      697  0.000   0.149   0   -0.988
      698  0.000   0.149   0   -0.969
      699  0.000   0.149   0   -0.950
      700  0.000   0.149   0   -0.939
      701  0.000   0.149   0   -0.920
      702  0.000   0.149   0   -0.873
      703  0.000   0.149   0   -0.821
      704  0.000   0.149   0   -0.772
      705  0.000   0.148   0   -0.733
      706  0.000   0.147   0   -0.707
      707  0.000   0.147   0   -0.714
      708  0.000   0.147   0   -0.699
      709  0.002   0.149   0   -0.674
      710  0.000   0.149   0   -0.660
      711  0.002   0.151   0   -0.645
      712  0.000   0.151   0   -0.630
      713  0.004   0.155   0   -0.582
      714  0.001   0.154   0   -0.531
      715  0.001   0.154   0   -0.504
      716  0.000   0.154   0   -0.474
      717  0.000   0.154   0   -0.442
      718  0.000   0.154   0   -0.403
      719  0.000   0.154   0   -0.374
      720  0.000   0.154   0   -0.359
      721  0.000   0.154   0   -0.330
      722  0.000   0.155   0   -0.312
      723  0.000   0.155   0   -0.304
      724  0.000   0.154   0   -0.255
      725  0.000   0.154   0   -0.184
      726  0.000   0.154   0   -0.118
      727  0.000   0.154   0   -0.051
      728  0.003   0.157   0   -0.005
      729  0.007   0.163   0    0.037
      730  0.229   0.392   1    0.081
      731  0.181   0.574   1    0.114
      732  0.115   0.689   1    0.135
      733  0.126   0.815   1    0.155
      734  0.002   0.817   1    0.169
      735  0.001   0.818   1    0.202
      736  0.001   0.818   1    0.245
      737  0.004   0.822   1    0.292
      738  0.000   0.823   1    0.333
      739  0.003   0.826   1    0.371
      740  0.008   0.834   1    0.392
      741  0.023   0.857   1    0.411
      742  0.003   0.860   1    0.422
      743  0.004   0.863   1    0.441
      744  0.000   0.864   1    0.451
      745  0.000   0.864   1    0.470
      746  0.000   0.864   1    0.471
      747  0.005   0.869   1    0.497
      748  0.007   0.875   1    0.507
      749  0.004   0.879   1    0.510
      750  0.000   0.879   1    0.515
      751  0.000   0.879   1    0.516
      752  0.000   0.879   1    0.518
      753  0.001   0.880   1    0.512
      754  0.001   0.881   1    0.540
      755  0.000   0.881   1    0.580
      756  0.000   0.882   1    0.615
      757  0.000   0.882   1    0.642
      758  0.000   0.882   1    0.663
      759  0.000   0.882   1    0.697
      760  0.000   0.882   1    0.723
      761  0.053   0.935   1    0.752
      762  0.027   0.961   1    0.797
      763  0.016   0.977   1    0.833
      764  0.000   0.977   1    0.858
      765  0.000   0.977   1    0.878
      766  0.000   0.977   1    0.880
      767  0.000   0.977   1    0.890
      768  0.000   0.977   1    0.888
      769  0.000   0.977   1    0.880
      770  0.000   0.977   1    0.859
      771  0.000   0.977   1    0.821
      772  0.000   0.977   1    0.805
      773  0.000   0.977   1    0.808
      774  0.002   0.979   1    0.823
      775  0.001   0.979   1    0.852
      776  0.005   0.984   1    0.893
      777  0.000   0.985   1    0.923
      778  0.003   0.987   1    0.951
      779  0.000   0.987   1    0.956
      780  0.000   0.987   1    0.942
      781  0.000   0.987   1    0.929
      782  0.000   0.987   1    0.910
      783  0.000   0.987   1    0.918
      784  0.000   0.987   1    0.899
      785  0.000   0.987   1    0.890
      786  0.001   0.988   1    0.888
      787  0.001   0.990   1    0.911
      788  0.000   0.990   1    0.934
      789  0.000   0.990   1    0.958
      790  0.000   0.990   1    0.964
      791  0.000   0.990   1    0.955
      792  0.000   0.990   1    0.942
      793  0.000   0.990   1    0.947
      794  0.000   0.990   1    0.957
      795  0.003   0.993   1    0.981
      796  0.003   0.996   1    0.994
      797  0.000   0.997   1    1.019
      798  0.000   0.997   1    1.043
      799  0.000   0.997   1    1.090
      800  0.000   0.997   1    1.134
      801  0.000   0.997   1    1.177
      802  0.000   0.997   1    1.196
      803  0.000   0.997   1    1.216
      804  0.000   0.997   1    1.238
      805  0.000   0.997   1    1.260
      806  0.000   0.997   1    1.292
      807  0.000   0.997   1    1.339
      808  0.000   0.997   1    1.378
      809  0.000   0.997   1    1.388
      810  0.000   0.997   1    1.372
      811  0.000   0.997   1    1.366
      812  0.000   0.997   1    1.341
      813  0.000   0.997   1    1.314
      814  0.000   0.996   1    1.272
      815  0.000   0.995   1    1.245
      816  0.000   0.993   1    1.214
      817  0.000   0.967   1    1.192
      818  0.000   0.966   1    1.184
      819  0.000   0.966   1    1.187
      820  0.000   0.966   1    1.204
      821  0.000   0.966   1    1.216
      822  0.000   0.966   1    1.226
      823  0.000   0.966   1    1.228
      824  0.000   0.966   1    1.239
      825  0.000   0.963   1    1.230
      826  0.000   0.956   1    1.223
      827  0.000   0.953   1    1.217
      828  0.000   0.941   1    1.202
      829  0.000   0.941   1    1.197
      830  0.000   0.907   1    1.161
      831  0.000   0.893   1    1.133
      832  0.000   0.886   1    1.109
      833  0.000   0.886   1    1.093
      834  0.000   0.886   1    1.066
      835  0.000   0.886   1    1.055
      836  0.000   0.886   1    1.040
      837  0.000   0.885   1    1.025
      838  0.000   0.857   1    0.995
      839  0.000   0.856   1    0.978
      840  0.000   0.856   1    0.954
      841  0.000   0.856   1    0.946
      842  0.000   0.856   1    0.932
      843  0.000   0.856   1    0.920
      844  0.000   0.856   1    0.909
      845  0.000   0.856   1    0.913
      846  0.000   0.856   1    0.907
      847  0.000   0.856   1    0.897
      848  0.000   0.856   1    0.855
      849  0.000   0.856   1    0.798
      850  0.000   0.856   1    0.754
      851  0.000   0.856   1    0.706
      852  0.000   0.856   1    0.679
      853  0.000   0.856   1    0.663
      854  0.000   0.856   1    0.634
      855  0.000   0.855   1    0.604
      856  0.000   0.853   1    0.571
      857  0.000   0.853   1    0.536
      858  0.000   0.852   1    0.504
      859  0.000   0.852   1    0.480
      860  0.000   0.848   1    0.465
      861  0.000   0.847   1    0.446
      862  0.000   0.846   1    0.396
      863  0.000   0.845   1    0.352
      864  0.000   0.845   1    0.321
      865  0.000   0.845   1    0.310
      866  0.000   0.845   1    0.304
      867  0.000   0.845   1    0.292
      868  0.000   0.845   1    0.301
      869  0.000   0.844   1    0.304
      870  0.000   0.844   1    0.302
      871  0.000   0.844   1    0.305
      872  0.000   0.844   1    0.317
      873  0.000   0.844   1    0.311
      874  0.000   0.844   1    0.292
      875  0.000   0.841   1    0.259
      876  0.000   0.835   1    0.223
      877  0.000   0.605   0    0.185
      878  0.000   0.424   0    0.156
      879  0.000   0.309   0    0.106
      880  0.000   0.183   0    0.095
      881  0.000   0.181   0    0.086
      882  0.000   0.180   0    0.078
      883  0.000   0.180   0    0.072
      884  0.000   0.175   0    0.065
      885  0.000   0.175   0    0.073
      886  0.000   0.172   0    0.053
      887  0.000   0.164   0    0.031
      888  0.000   0.141   0    0.008
      889  0.000   0.138   0    0.001
      890  0.000   0.134   0   -0.019
      891  0.000   0.134   0   -0.030
      892  0.000   0.134   0   -0.036
      893  0.000   0.134   0   -0.032
      894  0.000   0.129   0   -0.018
      895  0.000   0.123   0   -0.014
      896  0.000   0.119   0   -0.025
      897  0.000   0.119   0   -0.033
      898  0.000   0.119   0   -0.049
      899  0.000   0.119   0   -0.059
      900  0.000   0.118   0   -0.084
      901  0.000   0.117   0   -0.097
      902  0.000   0.117   0   -0.109
      903  0.000   0.116   0   -0.099
      904  0.000   0.116   0   -0.077
      905  0.000   0.117   0   -0.066
      906  0.000   0.116   0   -0.043
      907  0.000   0.116   0   -0.054
      908  0.000   0.063   0   -0.076
      909  0.000   0.036   0   -0.074
      910  0.000   0.021   0   -0.073
      911  0.000   0.021   0   -0.064
      912  0.000   0.021   0   -0.059
      913  0.000   0.021   0   -0.045
      914  0.000   0.021   0   -0.052
      915  0.000   0.021   0   -0.055
      916  0.000   0.021   0   -0.037
      917  0.000   0.021   0   -0.005
      918  0.000   0.021   0    0.005
      919  0.004   0.025   0    0.004
      920  0.000   0.025   0    0.007
      921  0.000   0.023   0   -0.001
      922  0.000   0.022   0   -0.009
      923  0.000   0.017   0   -0.020
      924  0.000   0.017   0   -0.028
      925  0.000   0.015   0   -0.029
      926  0.000   0.015   0   -0.033
      927  0.000   0.015   0   -0.052
      928  0.000   0.015   0   -0.052
      929  0.001   0.015   0   -0.044
      930  0.000   0.016   0   -0.028
      931  0.003   0.018   0   -0.027
      932  0.000   0.018   0   -0.033
      933  0.000   0.017   0   -0.024
      934  0.000   0.016   0    0.014
      935  0.000   0.016   0    0.040
      936  0.000   0.016   0    0.071
      937  0.001   0.017   0    0.093
      938  0.000   0.017   0    0.113
      939  0.000   0.017   0    0.124
      940  0.000   0.017   0    0.127
      941  0.003   0.019   0    0.136
      942  0.002   0.018   0    0.132
      943  0.010   0.025   0    0.138
      944  0.000   0.025   0    0.127
      945  0.004   0.029   0    0.128
      946  0.000   0.029   0    0.143
      947  0.001   0.031   0    0.162
      948  0.010   0.040   0    0.137
      949  0.003   0.043   0    0.128
      950  0.000   0.044   0    0.128
      951  0.000   0.044   0    0.143
      952  0.000   0.044   0    0.149
      953  0.001   0.044   0    0.169
      954  0.003   0.047   0    0.185
      955  0.284   0.332   1    0.205
      956  0.224   0.556   1    0.223
      957  0.171   0.726   1    0.249
      958  0.021   0.747   1    0.278
      959  0.003   0.751   1    0.296
      960  0.018   0.768   1    0.316
      961  0.074   0.842   1    0.331
      962  0.008   0.850   1    0.365
      963  0.006   0.856   1    0.413
      964  0.023   0.879   1    0.443
      965  0.042   0.920   1    0.488
      966  0.080   1.000   1    0.514
      967  0.000   1.000   1    0.547
      968  0.000   1.000   1    0.560
      969  0.000   1.000   1    0.603
      970  0.000   1.000   1    0.619
      971  0.000   1.000   1    0.607
      972  0.000   1.000   1    0.584
      973  0.000   1.000   1    0.598
      974  0.000   1.000   1    0.620
      975  0.000   1.000   1    0.647
      976  0.000   1.000   1    0.671
      977  0.000   1.000   1    0.727
      978  0.000   1.000   1    0.762
      979  0.000   1.000   1    0.806
      980  0.000   1.000   1    0.838
      981  0.000   1.000   1    0.876
      982  0.000   1.000   1    0.906
      983  0.000   1.000   1    0.936
      984  0.000   1.000   1    0.941
      985  0.000   1.000   1    0.947
      986  0.000   1.000   1    0.986
      987  0.000   1.000   1    1.038
      988  0.000   1.000   1    1.076
      989  0.000   1.000   1    1.100
      990  0.000   1.000   1    1.118
      991  0.000   1.000   1    1.149
      992  0.000   1.000   1    1.160
      993  0.000   1.000   1    1.183
      994  0.000   1.000   1    1.210
      995  0.000   1.000   1    1.238
      996  0.000   1.000   1    1.261
      997  0.000   1.000   1    1.285
      998  0.000   1.000   1    1.305
      999  0.000   1.000   1    1.342
     1000  0.000   1.000   1    1.386
     1001  0.000   1.000   1    1.436
     1002  0.000   1.000   1    1.478
     1003  0.000   1.000   1    1.553
     1004  0.000   1.000   1    1.596
     1005  0.000   1.000   1    1.631
     1006  0.000   1.000   1    1.657
     1007  0.000   1.000   1    1.692
     1008  0.000   1.000   1    1.716
     1009  0.000   1.000   1    1.739
     1010  0.000   1.000   1    1.770
     1011  0.000   1.000   1    1.805
     1012  0.000   1.000   1    1.835
     1013  0.000   1.000   1    1.867
     1014  0.000   1.000   1    1.883
     1015  0.000   1.000   1    1.902
     1016  0.000   1.000   1    1.932
     1017  0.000   1.000   1    1.957
     1018  0.000   1.000   1    1.965
     1019  0.000   1.000   1    1.969
     1020  0.000   1.000   1    1.961
     1021  0.000   1.000   1    1.977
     1022  0.000   1.000   1    1.993
     1023  0.000   1.000   1    2.025
     1024  0.000   1.000   1    2.037
     1025  0.000   1.000   1    2.068
     1026  0.000   1.000   1    2.107
     1027  0.000   1.000   1    2.154
     1028  0.000   1.000   1    2.182
     1029  0.000   1.000   1    2.200
     1030  0.000   1.000   1    2.204
     1031  0.000   1.000   1    2.221
     1032  0.000   1.000   1    2.220
     1033  0.000   1.000   1    2.242
     1034  0.000   1.000   1    2.256
     1035  0.000   1.000   1    2.278
     1036  0.000   1.000   1    2.291
     1037  0.000   1.000   1    2.321
     1038  0.000   1.000   1    2.335
     1039  0.000   1.000   1    2.392
     1040  0.000   1.000   1    2.443
     1041  0.000   1.000   1    NA
     1042  0.000   1.000   1    NA
     1043  0.000   1.000   1    NA
     1044  0.000   1.000   1    NA
     1045  0.000   1.000   1    NA
     1046  0.000   1.000   1    NA
     1047  0.000   1.000   1    NA
     1048  0.000   1.000   1    NA
     1049  0.000   1.000   1    NA
     1050  0.000   1.000   1    NA
     1051  0.000   1.000   1    NA
     1052  0.000   0.999   1    NA
     1053  0.000   0.999   1    NA
     1054  0.000   0.999   1    NA
     1055  0.000   0.999   1    NA
     1056  0.000   0.999   1    NA
     1057  0.000   0.999   1    NA
     1058  0.000   0.999   1    NA
     1059  0.000   0.999   1    NA
     1060  0.000   0.999   1    NA
     1061  0.000   0.999   1    NA
     1062  0.000   0.999   1    NA
     1063  0.000   0.999   1    NA
     1064  0.000   0.999   1    NA
     1065  0.000   0.999   1    NA
     1066  0.000   0.995   1    NA
     1067  0.000   0.995   1    NA
     1068  0.000   0.995   1    NA
     1069  0.000   0.995   1    NA
     1070  0.000   0.995   1    NA
     1071  0.000   0.995   1    NA
     1072  0.000   0.995   1    NA
     1073  0.000   0.995   1    NA
     1074  0.000   0.995   1    NA
     1075  0.000   0.995   1    NA
     1076  0.000   0.994   1    NA
     1077  0.000   0.994   1    NA
     1078  0.000   0.991   1    NA
     1079  0.000   0.991   1    NA
     1080  0.000   0.991   1    NA
     1081  0.000   0.991   1    NA
     1082  0.000   0.990   1    NA
     1083  0.000   0.990   1    NA
     1084  0.000   0.990   1    NA
     1085  0.000   0.990   1    NA
     1086  0.000   0.990   1    NA
     1087  0.000   0.990   1    NA
     1088  0.000   0.987   1    NA
     1089  0.000   0.985   1    NA
     1090  0.000   0.975   1    NA
     1091  0.000   0.975   1    NA
     1092  0.000   0.971   1    NA
     1093  0.000   0.971   1    NA
     1094  0.000   0.969   1    NA
     1095  0.000   0.960   1    NA
     1096  0.000   0.956   1    NA
     1097  0.000   0.956   1    NA
     1098  0.000   0.956   1    NA
     1099  0.000   0.956   1    NA
     1100  0.000   0.955   1    NA
     1101  0.000   0.953   1    NA
     1102  0.000   0.668   0    NA
     1103  0.000   0.444   0    NA
     1104  0.000   0.273   0    NA
     1105  0.000   0.253   0    NA
     1106  0.000   0.249   0    NA
     1107  0.000   0.232   0    NA
     1108  0.000   0.158   0    NA
     1109  0.000   0.150   0    NA
     1110  0.000   0.144   0    NA
     1111  0.000   0.121   0    NA
     1112  0.000   0.080   0    NA
     1113  0.000   0.000   0    NA
