 Position  P-start Occup  N/L  Affinity
        1  0.000   0.000   0    NA
        2  0.000   0.000   0    NA
        3  0.000   0.001   0    NA
        4  0.000   0.001   0    NA
        5  0.000   0.001   0    NA
        6  0.000   0.001   0    NA
        7  0.001   0.003   0    NA
        8  0.001   0.003   0    NA
        9  0.000   0.004   0    NA
       10  0.000   0.004   0    NA
       11  0.000   0.004   0    NA
       12  0.000   0.004   0    NA
       13  0.001   0.005   0    NA
       14  0.000   0.005   0    NA
       15  0.001   0.006   0    NA
       16  0.000   0.006   0    NA
       17  0.000   0.006   0    NA
       18  0.000   0.006   0    NA
       19  0.002   0.008   0    NA
       20  0.003   0.011   0    NA
       21  0.002   0.013   0    NA
       22  0.001   0.015   0    NA
       23  0.000   0.015   0    NA
       24  0.001   0.016   0    NA
       25  0.001   0.017   0    NA
       26  0.000   0.017   0    NA
       27  0.000   0.017   0    NA
       28  0.000   0.017   0    NA
       29  0.000   0.017   0    NA
       30  0.000   0.017   0    NA
       31  0.000   0.017   0    NA
       32  0.001   0.019   0    NA
       33  0.007   0.025   0    NA
       34  0.002   0.027   0    NA
       35  0.000   0.027   0    NA
       36  0.000   0.027   0    NA
       37  0.000   0.028   0    NA
       38  0.276   0.304   0    NA
       39  0.087   0.391   0    NA
       40  0.014   0.405   0    NA
       41  0.002   0.406   0    NA
       42  0.043   0.449   0    NA
       43  0.043   0.492   0    NA
       44  0.001   0.493   0    NA
       45  0.000   0.493   0    NA
       46  0.000   0.493   0    NA
       47  0.001   0.494   0    NA
       48  0.000   0.494   0    NA
       49  0.000   0.494   0    NA
       50  0.000   0.494   0    NA
       51  0.029   0.523   0    NA
       52  0.000   0.524   0    NA
       53  0.000   0.524   0    NA
       54  0.001   0.525   0    NA
       55  0.002   0.527   0    NA
       56  0.026   0.553   0    NA
       57  0.009   0.562   0    NA
       58  0.000   0.563   0    NA
       59  0.000   0.563   0    NA
       60  0.000   0.563   0    NA
       61  0.000   0.563   0    NA
       62  0.000   0.563   0    NA
       63  0.000   0.563   0    NA
       64  0.000   0.563   0    NA
       65  0.000   0.563   0    NA
       66  0.000   0.564   0    NA
       67  0.000   0.564   0    NA
       68  0.000   0.564   0    NA
       69  0.000   0.564   0    NA
       70  0.002   0.567   0    NA
       71  0.000   0.567   0    NA
       72  0.000   0.567   0    NA
       73  0.000   0.567   0    NA
       74  0.000   0.567   0    1.016
       75  0.000   0.567   0    1.001
       76  0.000   0.568   0    0.997
       77  0.001   0.569   0    0.966
       78  0.000   0.569   0    0.986
       79  0.000   0.570   0    1.008
       80  0.000   0.570   0    1.024
       81  0.000   0.570   0    1.017
       82  0.004   0.574   0    0.997
       83  0.000   0.575   0    0.997
       84  0.030   0.604   0    1.030
       85  0.004   0.608   0    1.056
       86  0.000   0.609   0    1.079
       87  0.000   0.609   0    1.089
       88  0.000   0.609   0    1.116
       89  0.002   0.612   0    1.140
       90  0.278   0.889   1    1.147
       91  0.081   0.970   1    1.149
       92  0.027   0.997   1    1.149
       93  0.001   0.998   1    1.155
       94  0.000   0.998   1    1.151
       95  0.000   0.998   1    1.149
       96  0.000   0.998   1    1.154
       97  0.000   0.998   1    1.168
       98  0.000   0.998   1    1.166
       99  0.000   0.998   1    1.156
      100  0.000   0.998   1    1.161
      101  0.000   0.998   1    1.170
      102  0.000   0.999   1    1.193
      103  0.000   0.999   1    1.208
      104  0.000   0.999   1    1.213
      105  0.000   0.999   1    1.211
      106  0.000   0.999   1    1.208
      107  0.000   0.999   1    1.190
      108  0.000   0.999   1    1.180
      109  0.000   0.999   1    1.176
      110  0.000   0.999   1    1.182
      111  0.000   0.999   1    1.198
      112  0.000   0.999   1    1.215
      113  0.000   0.999   1    1.215
      114  0.000   0.999   1    1.207
      115  0.000   0.999   1    1.210
      116  0.000   0.999   1    1.213
      117  0.000   0.999   1    1.225
      118  0.000   0.999   1    1.227
      119  0.000   0.999   1    1.216
      120  0.000   0.999   1    1.195
      121  0.000   0.999   1    1.189
      122  0.000   0.999   1    1.185
      123  0.000   0.999   1    1.187
      124  0.000   0.999   1    1.188
      125  0.000   0.999   1    1.181
      126  0.000   0.999   1    1.177
      127  0.000   0.999   1    1.185
      128  0.000   0.999   1    1.206
      129  0.000   0.999   1    1.220
      130  0.000   0.999   1    1.246
      131  0.000   0.999   1    1.258
      132  0.000   0.999   1    1.281
      133  0.000   0.999   1    1.271
      134  0.000   0.999   1    1.261
      135  0.000   0.999   1    1.265
      136  0.000   0.999   1    1.295
      137  0.000   0.999   1    1.329
      138  0.000   0.999   1    1.345
      139  0.000   0.999   1    1.327
      140  0.000   0.999   1    1.304
      141  0.000   0.999   1    1.272
      142  0.000   0.999   1    1.249
      143  0.000   0.999   1    1.213
      144  0.000   0.999   1    1.184
      145  0.000   0.999   1    1.170
      146  0.000   0.999   1    1.159
      147  0.000   0.999   1    1.144
      148  0.000   0.999   1    1.129
      149  0.000   0.999   1    1.120
      150  0.000   0.998   1    1.114
      151  0.000   0.998   1    1.100
      152  0.000   0.998   1    1.084
      153  0.000   0.997   1    1.081
      154  0.000   0.996   1    1.088
      155  0.000   0.995   1    1.082
      156  0.000   0.995   1    1.064
      157  0.000   0.995   1    1.034
      158  0.000   0.995   1    1.000
      159  0.000   0.995   1    0.975
      160  0.000   0.994   1    0.964
      161  0.000   0.994   1    0.952
      162  0.000   0.993   1    0.951
      163  0.000   0.993   1    0.949
      164  0.000   0.993   1    0.943
      165  0.000   0.993   1    0.927
      166  0.000   0.991   1    0.906
      167  0.000   0.988   1    0.876
      168  0.000   0.986   1    0.865
      169  0.000   0.984   1    0.843
      170  0.000   0.984   1    0.818
      171  0.000   0.983   1    0.772
      172  0.000   0.982   1    0.739
      173  0.000   0.982   1    0.713
      174  0.000   0.982   1    0.702
      175  0.000   0.982   1    0.695
      176  0.000   0.982   1    0.671
      177  0.000   0.982   1    0.638
      178  0.000   0.982   1    0.595
      179  0.000   0.981   1    0.561
      180  0.000   0.974   1    0.538
      181  0.000   0.972   1    0.511
      182  0.000   0.972   1    0.482
      183  0.000   0.972   1    0.449
      184  0.000   0.972   1    0.426
      185  0.000   0.695   1    0.383
      186  0.001   0.610   1    0.342
      187  0.002   0.598   1    0.321
      188  0.000   0.596   1    0.302
      189  0.000   0.554   1    0.277
      190  0.000   0.511   1    0.224
      191  0.000   0.510   1    0.172
      192  0.000   0.510   1    0.123
      193  0.000   0.510   1    0.081
      194  0.000   0.509   1    0.050
      195  0.000   0.509   1    0.028
      196  0.000   0.509   1    0.025
      197  0.001   0.510   1    0.026
      198  0.001   0.481   1    0.020
      199  0.000   0.481   1   -0.008
      200  0.000   0.481   1   -0.036
      201  0.000   0.480   1   -0.066
      202  0.000   0.478   1   -0.078
      203  0.000   0.451   1   -0.095
      204  0.000   0.442   1   -0.117
      205  0.000   0.442   1   -0.139
      206  0.000   0.442   1   -0.153
      207  0.000   0.442   1   -0.177
      208  0.000   0.442   1   -0.195
      209  0.000   0.442   1   -0.222
      210  0.000   0.442   1   -0.243
      211  0.000   0.441   1   -0.247
      212  0.000   0.441   1   -0.253
      213  0.000   0.441   1   -0.253
      214  0.000   0.441   1   -0.249
      215  0.000   0.440   1   -0.248
      216  0.000   0.440   1   -0.244
      217  0.000   0.438   1   -0.266
      218  0.000   0.437   1   -0.310
      219  0.000   0.437   1   -0.347
      220  0.000   0.437   1   -0.366
      221  0.000   0.437   1   -0.369
      222  0.000   0.437   1   -0.371
      223  0.000   0.437   1   -0.374
      224  0.000   0.435   1   -0.388
      225  0.000   0.435   1   -0.396
      226  0.000   0.435   1   -0.405
      227  0.000   0.435   1   -0.417
      228  0.000   0.434   1   -0.428
      229  0.000   0.430   1   -0.438
      230  0.000   0.430   1   -0.452
      231  0.000   0.400   1   -0.458
      232  0.000   0.396   1   -0.445
      233  0.000   0.396   1   -0.422
      234  0.000   0.396   1   -0.415
      235  0.000   0.395   1   -0.413
      236  0.000   0.393   1   -0.414
      237  0.000   0.115   0   -0.421
      238  0.000   0.035   0   -0.432
      239  0.000   0.007   0   -0.447
      240  0.000   0.006   0   -0.454
      241  0.000   0.006   0   -0.443
      242  0.000   0.006   0   -0.449
      243  0.000   0.006   0   -0.450
      244  0.000   0.006   0   -0.452
      245  0.000   0.006   0   -0.445
      246  0.000   0.006   0   -0.458
      247  0.000   0.006   0   -0.483
      248  0.000   0.006   0   -0.508
      249  0.000   0.006   0   -0.520
      250  0.000   0.006   0   -0.535
      251  0.000   0.006   0   -0.562
      252  0.000   0.006   0   -0.603
      253  0.000   0.006   0   -0.631
      254  0.000   0.006   0   -0.649
      255  0.000   0.006   0   -0.672
      256  0.000   0.006   0   -0.712
      257  0.000   0.006   0   -0.764
      258  0.000   0.006   0   -0.813
      259  0.000   0.006   0   -0.848
      260  0.000   0.006   0   -0.881
      261  0.000   0.006   0   -0.913
      262  0.000   0.006   0   -0.936
      263  0.000   0.006   0   -0.963
      264  0.000   0.006   0   -0.990
      265  0.000   0.006   0   -1.026
      266  0.000   0.006   0   -1.080
      267  0.000   0.006   0   -1.135
      268  0.000   0.006   0   -1.187
      269  0.000   0.007   0   -1.251
      270  0.000   0.007   0   -1.314
      271  0.000   0.007   0   -1.352
      272  0.000   0.007   0   -1.362
      273  0.000   0.007   0   -1.350
      274  0.000   0.007   0   -1.344
      275  0.000   0.007   0   -1.345
      276  0.000   0.007   0   -1.354
      277  0.000   0.007   0   -1.368
      278  0.000   0.007   0   -1.401
      279  0.000   0.007   0   -1.411
      280  0.003   0.010   0   -1.425
      281  0.001   0.011   0   -1.430
      282  0.000   0.012   0   -1.424
      283  0.000   0.012   0   -1.432
      284  0.000   0.012   0   -1.429
      285  0.000   0.012   0   -1.426
      286  0.000   0.012   0   -1.426
      287  0.000   0.012   0   -1.451
      288  0.012   0.024   0   -1.475
      289  0.003   0.027   0   -1.480
      290  0.004   0.031   0   -1.490
      291  0.001   0.032   0   -1.510
      292  0.003   0.036   0   -1.520
      293  0.004   0.040   0   -1.528
      294  0.000   0.040   0   -1.543
      295  0.001   0.041   0   -1.541
      296  0.021   0.062   0   -1.552
      297  0.001   0.062   0   -1.562
      298  0.000   0.063   0   -1.577
      299  0.000   0.063   0   -1.592
      300  0.000   0.063   0   -1.586
      301  0.000   0.063   0   -1.562
      302  0.000   0.063   0   -1.518
      303  0.000   0.063   0   -1.474
      304  0.000   0.063   0   -1.450
      305  0.000   0.063   0   -1.435
      306  0.000   0.063   0   -1.405
      307  0.000   0.063   0   -1.360
      308  0.000   0.063   0   -1.314
      309  0.000   0.063   0   -1.267
      310  0.000   0.063   0   -1.224
      311  0.000   0.062   0   -1.163
      312  0.000   0.062   0   -1.104
      313  0.000   0.062   0   -1.046
      314  0.000   0.062   0   -1.001
      315  0.000   0.062   0   -0.949
      316  0.000   0.062   0   -0.907
      317  0.000   0.062   0   -0.873
      318  0.000   0.062   0   -0.844
      319  0.000   0.062   0   -0.811
      320  0.000   0.062   0   -0.772
      321  0.000   0.062   0   -0.727
      322  0.000   0.062   0   -0.683
      323  0.000   0.062   0   -0.648
      324  0.000   0.062   0   -0.588
      325  0.000   0.062   0   -0.517
      326  0.000   0.062   0   -0.457
      327  0.000   0.062   0   -0.410
      328  0.000   0.062   0   -0.375
      329  0.000   0.062   0   -0.362
      330  0.000   0.062   0   -0.347
      331  0.000   0.062   0   -0.331
      332  0.000   0.062   0   -0.300
      333  0.000   0.061   0   -0.256
      334  0.000   0.059   0   -0.202
      335  0.000   0.059   0   -0.152
      336  0.000   0.059   0   -0.097
      337  0.000   0.059   0   -0.058
      338  0.000   0.059   0   -0.008
      339  0.000   0.059   0    0.030
      340  0.000   0.059   0    0.057
      341  0.000   0.059   0    0.088
      342  0.000   0.058   0    0.134
      343  0.000   0.058   0    0.170
      344  0.000   0.057   0    0.191
      345  0.000   0.057   0    0.210
      346  0.000   0.057   0    0.240
      347  0.000   0.057   0    0.258
      348  0.002   0.059   0    0.270
      349  0.004   0.062   0    0.282
      350  0.000   0.063   0    0.279
      351  0.000   0.063   0    0.266
      352  0.000   0.063   0    0.260
      353  0.000   0.063   0    0.259
      354  0.002   0.065   0    0.267
      355  0.027   0.092   0    0.249
      356  0.044   0.136   0    0.228
      357  0.172   0.308   0    0.206
      358  0.101   0.409   0    0.189
      359  0.014   0.424   0    0.172
      360  0.213   0.636   0    0.153
      361  0.015   0.651   0    0.116
      362  0.004   0.655   0    0.063
      363  0.074   0.728   0    0.001
      364  0.225   0.953   1   -0.055
      365  0.007   0.960   1   -0.084
      366  0.001   0.961   1   -0.099
      367  0.000   0.961   1   -0.102
      368  0.000   0.961   1   -0.106
      369  0.004   0.965   1   -0.107
      370  0.005   0.970   1   -0.132
      371  0.003   0.973   1   -0.161
      372  0.007   0.980   1   -0.177
      373  0.000   0.981   1   -0.192
      374  0.000   0.981   1   -0.202
      375  0.000   0.981   1   -0.222
      376  0.000   0.981   1   -0.242
      377  0.000   0.981   1   -0.266
      378  0.000   0.981   1   -0.284
      379  0.000   0.981   1   -0.300
      380  0.000   0.981   1   -0.324
      381  0.000   0.981   1   -0.345
      382  0.000   0.982   1   -0.372
      383  0.000   0.982   1   -0.393
      384  0.000   0.982   1   -0.394
      385  0.000   0.982   1   -0.395
      386  0.003   0.985   1   -0.394
      387  0.006   0.990   1   -0.408
      388  0.000   0.990   1   -0.437
      389  0.000   0.990   1   -0.469
      390  0.000   0.990   1   -0.507
      391  0.000   0.990   1   -0.542
      392  0.002   0.993   1   -0.570
      393  0.003   0.996   1   -0.579
      394  0.000   0.996   1   -0.576
      395  0.000   0.996   1   -0.559
      396  0.000   0.996   1   -0.562
      397  0.000   0.996   1   -0.581
      398  0.000   0.996   1   -0.586
      399  0.000   0.996   1   -0.578
      400  0.000   0.996   1   -0.563
      401  0.000   0.996   1   -0.536
      402  0.000   0.996   1   -0.499
      403  0.000   0.996   1   -0.453
      404  0.000   0.996   1   -0.398
      405  0.000   0.996   1   -0.355
      406  0.000   0.996   1   -0.293
      407  0.000   0.996   1   -0.242
      408  0.000   0.996   1   -0.199
      409  0.000   0.995   1   -0.152
      410  0.000   0.995   1   -0.090
      411  0.000   0.995   1   -0.042
      412  0.000   0.995   1   -0.008
      413  0.000   0.995   1    0.018
      414  0.000   0.995   1    0.051
      415  0.000   0.995   1    0.107
      416  0.000   0.995   1    0.166
      417  0.000   0.995   1    0.234
      418  0.000   0.995   1    0.309
      419  0.000   0.995   1    0.371
      420  0.000   0.995   1    0.411
      421  0.000   0.995   1    0.438
      422  0.000   0.995   1    0.456
      423  0.000   0.995   1    0.461
      424  0.000   0.995   1    0.467
      425  0.000   0.995   1    0.486
      426  0.000   0.994   1    0.509
      427  0.000   0.991   1    0.534
      428  0.000   0.990   1    0.567
      429  0.000   0.990   1    0.594
      430  0.000   0.990   1    0.614
      431  0.000   0.990   1    0.651
      432  0.000   0.990   1    0.710
      433  0.000   0.990   1    0.774
      434  0.000   0.990   1    0.790
      435  0.000   0.978   1    0.810
      436  0.000   0.974   1    0.812
      437  0.000   0.970   1    0.831
      438  0.000   0.969   1    0.862
      439  0.000   0.966   1    0.893
      440  0.000   0.962   1    0.907
      441  0.000   0.962   1    0.914
      442  0.000   0.961   1    0.924
      443  0.000   0.940   1    0.947
      444  0.000   0.939   1    0.952
      445  0.000   0.939   1    0.968
      446  0.000   0.939   1    0.971
      447  0.000   0.939   1    0.969
      448  0.000   0.939   1    0.935
      449  0.000   0.939   1    0.898
      450  0.000   0.939   1    0.859
      451  0.000   0.939   1    0.834
      452  0.000   0.939   1    0.813
      453  0.000   0.939   1    0.773
      454  0.000   0.939   1    0.747
      455  0.000   0.939   1    0.721
      456  0.000   0.939   1    0.687
      457  0.000   0.939   1    0.657
      458  0.000   0.939   1    0.614
      459  0.000   0.939   1    0.572
      460  0.000   0.939   1    0.520
      461  0.000   0.939   1    0.449
      462  0.000   0.939   1    0.396
      463  0.000   0.939   1    0.352
      464  0.000   0.940   1    0.299
      465  0.000   0.940   1    0.246
      466  0.001   0.941   1    0.192
      467  0.001   0.941   1    0.136
      468  0.000   0.942   1    0.087
      469  0.000   0.942   1    0.048
      470  0.000   0.942   1   -0.005
      471  0.000   0.942   1   -0.046
      472  0.000   0.942   1   -0.096
      473  0.000   0.942   1   -0.165
      474  0.000   0.942   1   -0.226
      475  0.000   0.942   1   -0.276
      476  0.000   0.942   1   -0.316
      477  0.000   0.942   1   -0.368
      478  0.000   0.942   1   -0.410
      479  0.000   0.942   1   -0.452
      480  0.000   0.942   1   -0.495
      481  0.000   0.942   1   -0.540
      482  0.000   0.942   1   -0.586
      483  0.000   0.942   1   -0.627
      484  0.000   0.942   1   -0.664
      485  0.000   0.942   1   -0.687
      486  0.000   0.942   1   -0.737
      487  0.000   0.942   1   -0.804
      488  0.000   0.942   1   -0.876
      489  0.000   0.942   1   -0.912
      490  0.000   0.942   1   -0.947
      491  0.000   0.942   1   -0.970
      492  0.000   0.942   1   -0.997
      493  0.000   0.942   1   -1.031
      494  0.000   0.942   1   -1.073
      495  0.000   0.940   1   -1.115
      496  0.000   0.936   1   -1.159
      497  0.000   0.936   1   -1.187
      498  0.000   0.936   1   -1.213
      499  0.000   0.936   1   -1.224
      500  0.000   0.935   1   -1.239
      501  0.000   0.933   1   -1.247
      502  0.000   0.907   1   -1.262
      503  0.000   0.863   1   -1.245
      504  0.000   0.690   1   -1.235
      505  0.000   0.589   1   -1.235
      506  0.000   0.575   1   -1.253
      507  0.000   0.363   1   -1.266
      508  0.000   0.348   1   -1.255
      509  0.000   0.344   1   -1.244
      510  0.000   0.270   1   -1.234
      511  0.000   0.046   0   -1.226
      512  0.000   0.039   0   -1.216
      513  0.000   0.038   0   -1.202
      514  0.000   0.038   0   -1.190
      515  0.000   0.038   0   -1.165
      516  0.001   0.035   0   -1.141
      517  0.001   0.032   0   -1.128
      518  0.000   0.029   0   -1.113
      519  0.000   0.021   0   -1.096
      520  0.000   0.021   0   -1.086
      521  0.000   0.021   0   -1.061
      522  0.000   0.021   0   -1.037
      523  0.000   0.021   0   -1.036
      524  0.000   0.021   0   -1.039
      525  0.000   0.021   0   -1.035
      526  0.000   0.021   0   -1.033
      527  0.000   0.021   0   -1.030
      528  0.000   0.021   0   -1.008
      529  0.000   0.020   0   -0.979
      530  0.000   0.020   0   -0.965
      531  0.000   0.020   0   -0.963
      532  0.000   0.020   0   -0.951
      533  0.000   0.017   0   -0.925
      534  0.000   0.012   0   -0.897
      535  0.000   0.012   0   -0.874
      536  0.000   0.011   0   -0.851
      537  0.000   0.011   0   -0.837
      538  0.000   0.011   0   -0.834
      539  0.000   0.009   0   -0.835
      540  0.000   0.006   0   -0.831
      541  0.000   0.006   0   -0.811
      542  0.000   0.006   0   -0.778
      543  0.000   0.006   0   -0.745
      544  0.000   0.006   0   -0.717
      545  0.000   0.006   0   -0.719
      546  0.000   0.006   0   -0.730
      547  0.000   0.006   0   -0.748
      548  0.000   0.006   0   -0.775
      549  0.000   0.006   0   -0.797
      550  0.000   0.006   0   -0.800
      551  0.000   0.006   0   -0.800
      552  0.000   0.006   0   -0.797
      553  0.000   0.006   0   -0.786
      554  0.000   0.006   0   -0.782
      555  0.000   0.006   0   -0.785
      556  0.000   0.006   0   -0.793
      557  0.000   0.006   0   -0.797
      558  0.000   0.006   0   -0.822
      559  0.000   0.006   0   -0.847
      560  0.000   0.006   0   -0.850
      561  0.000   0.006   0   -0.826
      562  0.000   0.006   0   -0.799
      563  0.000   0.006   0   -0.785
      564  0.000   0.006   0   -0.801
      565  0.000   0.006   0   -0.822
      566  0.000   0.006   0   -0.861
      567  0.000   0.007   0   -0.917
      568  0.000   0.007   0   -0.960
      569  0.000   0.007   0   -1.001
      570  0.000   0.007   0   -1.036
      571  0.000   0.007   0   -1.055
      572  0.000   0.007   0   -1.074
      573  0.000   0.007   0   -1.103
      574  0.000   0.007   0   -1.142
      575  0.000   0.007   0   -1.180
      576  0.000   0.007   0   -1.226
      577  0.000   0.007   0   -1.262
      578  0.000   0.007   0   -1.289
      579  0.000   0.007   0   -1.322
      580  0.000   0.007   0   -1.335
      581  0.000   0.007   0   -1.348
      582  0.000   0.007   0   -1.352
      583  0.000   0.007   0   -1.376
      584  0.000   0.007   0   -1.404
      585  0.000   0.007   0   -1.434
      586  0.000   0.007   0   -1.464
      587  0.000   0.007   0   -1.498
      588  0.000   0.007   0   -1.514
      589  0.000   0.007   0   -1.536
      590  0.000   0.007   0   -1.553
      591  0.000   0.007   0   -1.566
      592  0.000   0.007   0   -1.579
      593  0.000   0.007   0   -1.584
      594  0.000   0.007   0   -1.583
      595  0.000   0.007   0   -1.585
      596  0.000   0.007   0   -1.582
      597  0.000   0.007   0   -1.592
      598  0.000   0.007   0   -1.597
      599  0.000   0.007   0   -1.611
      600  0.000   0.007   0   -1.624
      601  0.000   0.007   0   -1.624
      602  0.000   0.007   0   -1.617
      603  0.000   0.007   0   -1.591
      604  0.000   0.007   0   -1.561
      605  0.000   0.007   0   -1.534
      606  0.000   0.007   0   -1.512
      607  0.000   0.007   0   -1.505
      608  0.000   0.007   0   -1.525
      609  0.000   0.007   0   -1.549
      610  0.000   0.007   0   -1.564
      611  0.000   0.007   0   -1.570
      612  0.000   0.007   0   -1.560
      613  0.000   0.006   0   -1.543
      614  0.000   0.005   0   -1.527
      615  0.000   0.005   0   -1.538
      616  0.000   0.005   0   -1.554
      617  0.000   0.005   0   -1.576
      618  0.000   0.005   0   -1.604
      619  0.000   0.005   0   -1.624
      620  0.000   0.005   0   -1.646
      621  0.000   0.005   0   -1.645
      622  0.000   0.005   0   -1.621
      623  0.000   0.005   0   -1.586
      624  0.000   0.005   0   -1.558
      625  0.000   0.005   0   -1.536
      626  0.000   0.005   0   -1.525
      627  0.000   0.005   0   -1.514
      628  0.000   0.005   0   -1.512
      629  0.000   0.005   0   -1.513
      630  0.000   0.005   0   -1.515
      631  0.000   0.005   0   -1.512
      632  0.000   0.005   0   -1.500
      633  0.000   0.005   0   -1.476
      634  0.000   0.005   0   -1.449
      635  0.000   0.005   0   -1.432
      636  0.000   0.005   0   -1.443
      637  0.000   0.005   0   -1.457
      638  0.000   0.005   0   -1.438
      639  0.000   0.005   0   -1.422
      640  0.000   0.005   0   -1.403
      641  0.000   0.005   0   -1.382
      642  0.000   0.005   0   -1.352
      643  0.000   0.005   0   -1.338
      644  0.000   0.005   0   -1.312
      645  0.000   0.005   0   -1.300
      646  0.000   0.005   0   -1.304
      647  0.000   0.005   0   -1.316
      648  0.000   0.005   0   -1.339
      649  0.000   0.005   0   -1.362
      650  0.000   0.005   0   -1.379
      651  0.000   0.005   0   -1.396
      652  0.000   0.005   0   -1.395
      653  0.000   0.005   0   -1.407
      654  0.000   0.005   0   -1.412
      655  0.000   0.005   0   -1.395
      656  0.000   0.005   0   -1.378
      657  0.000   0.005   0   -1.369
      658  0.000   0.005   0   -1.392
      659  0.000   0.005   0   -1.409
      660  0.000   0.005   0   -1.416
      661  0.000   0.005   0   -1.402
      662  0.000   0.004   0   -1.404
      663  0.000   0.003   0   -1.395
      664  0.000   0.002   0   -1.388
      665  0.000   0.002   0   -1.372
      666  0.000   0.002   0   -1.367
      667  0.000   0.002   0   -1.364
      668  0.000   0.002   0   -1.355
      669  0.000   0.003   0   -1.357
      670  0.009   0.012   0   -1.369
      671  0.000   0.012   0   -1.391
      672  0.000   0.012   0   -1.402
      673  0.000   0.012   0   -1.402
      674  0.000   0.012   0   -1.380
      675  0.000   0.012   0   -1.351
      676  0.000   0.012   0   -1.325
      677  0.000   0.012   0   -1.316
      678  0.002   0.014   0   -1.331
      679  0.002   0.016   0   -1.343
      680  0.000   0.017   0   -1.359
      681  0.002   0.019   0   -1.372
      682  0.000   0.019   0   -1.376
      683  0.023   0.041   0   -1.367
      684  0.005   0.047   0   -1.335
      685  0.001   0.048   0   -1.301
      686  0.000   0.048   0   -1.267
      687  0.000   0.048   0   -1.251
      688  0.000   0.048   0   -1.245
      689  0.000   0.048   0   -1.247
      690  0.001   0.049   0   -1.270
      691  0.020   0.069   0   -1.261
      692  0.001   0.070   0   -1.250
      693  0.001   0.072   0   -1.245
      694  0.000   0.072   0   -1.232
      695  0.000   0.072   0   -1.213
      696  0.000   0.072   0   -1.188
      697  0.000   0.072   0   -1.169
      698  0.000   0.072   0   -1.161
      699  0.000   0.072   0   -1.167
      700  0.000   0.072   0   -1.159
      701  0.000   0.072   0   -1.138
      702  0.000   0.072   0   -1.094
      703  0.000   0.072   0   -1.050
      704  0.000   0.071   0   -1.012
      705  0.000   0.071   0   -0.976
      706  0.000   0.071   0   -0.953
      707  0.000   0.071   0   -0.953
      708  0.000   0.071   0   -0.942
      709  0.002   0.074   0   -0.920
      710  0.001   0.074   0   -0.907
      711  0.004   0.078   0   -0.888
      712  0.000   0.078   0   -0.863
      713  0.003   0.081   0   -0.811
      714  0.001   0.082   0   -0.763
      715  0.001   0.083   0   -0.730
      716  0.000   0.083   0   -0.698
      717  0.001   0.084   0   -0.662
      718  0.000   0.084   0   -0.632
      719  0.000   0.084   0   -0.606
      720  0.000   0.084   0   -0.588
      721  0.001   0.085   0   -0.558
      722  0.000   0.085   0   -0.525
      723  0.000   0.085   0   -0.511
      724  0.000   0.085   0   -0.469
      725  0.000   0.085   0   -0.406
      726  0.000   0.085   0   -0.347
      727  0.000   0.085   0   -0.288
      728  0.001   0.086   0   -0.248
      729  0.004   0.090   0   -0.207
      730  0.210   0.300   1   -0.167
      731  0.120   0.420   1   -0.138
      732  0.055   0.475   1   -0.119
      733  0.056   0.531   1   -0.102
      734  0.001   0.532   1   -0.078
      735  0.001   0.532   1   -0.039
      736  0.000   0.533   1    0.016
      737  0.005   0.538   1    0.065
      738  0.000   0.538   1    0.113
      739  0.003   0.541   1    0.147
      740  0.006   0.547   1    0.165
      741  0.022   0.569   1    0.177
      742  0.002   0.571   1    0.185
      743  0.002   0.573   1    0.204
      744  0.000   0.573   1    0.213
      745  0.000   0.573   1    0.237
      746  0.000   0.573   1    0.244
      747  0.003   0.576   1    0.277
      748  0.006   0.582   1    0.294
      749  0.005   0.587   1    0.298
      750  0.000   0.587   1    0.301
      751  0.000   0.587   1    0.300
      752  0.000   0.587   1    0.299
      753  0.001   0.588   1    0.302
      754  0.001   0.590   1    0.337
      755  0.000   0.590   1    0.379
      756  0.000   0.590   1    0.418
      757  0.000   0.590   1    0.444
      758  0.000   0.590   1    0.468
      759  0.000   0.590   1    0.502
      760  0.000   0.590   1    0.522
      761  0.092   0.682   1    0.548
      762  0.028   0.710   1    0.585
      763  0.019   0.729   1    0.621
      764  0.001   0.729   1    0.642
      765  0.001   0.730   1    0.662
      766  0.000   0.730   1    0.667
      767  0.000   0.730   1    0.679
      768  0.000   0.730   1    0.680
      769  0.000   0.730   1    0.672
      770  0.000   0.730   1    0.656
      771  0.000   0.730   1    0.623
      772  0.000   0.730   1    0.615
      773  0.000   0.731   1    0.616
      774  0.005   0.735   1    0.631
      775  0.002   0.737   1    0.654
      776  0.014   0.752   1    0.687
      777  0.001   0.752   1    0.708
      778  0.014   0.766   1    0.727
      779  0.000   0.766   1    0.729
      780  0.000   0.766   1    0.718
      781  0.000   0.767   1    0.713
      782  0.000   0.767   1    0.702
      783  0.001   0.768   1    0.714
      784  0.000   0.768   1    0.697
      785  0.001   0.769   1    0.693
      786  0.006   0.775   1    0.697
      787  0.014   0.789   1    0.722
      788  0.001   0.790   1    0.745
      789  0.001   0.791   1    0.759
      790  0.000   0.791   1    0.761
      791  0.000   0.791   1    0.749
      792  0.000   0.791   1    0.734
      793  0.000   0.792   1    0.731
      794  0.001   0.793   1    0.734
      795  0.159   0.951   1    0.753
      796  0.041   0.992   1    0.765
      797  0.000   0.992   1    0.787
      798  0.000   0.992   1    0.807
      799  0.001   0.993   1    0.850
      800  0.000   0.993   1    0.887
      801  0.000   0.993   1    0.922
      802  0.000   0.993   1    0.935
      803  0.000   0.993   1    0.946
      804  0.000   0.993   1    0.965
      805  0.000   0.993   1    0.987
      806  0.000   0.993   1    1.015
      807  0.000   0.993   1    1.060
      808  0.000   0.993   1    1.098
      809  0.000   0.993   1    1.108
      810  0.000   0.993   1    1.097
      811  0.000   0.993   1    1.094
      812  0.000   0.993   1    1.081
      813  0.000   0.993   1    1.064
      814  0.000   0.993   1    1.037
      815  0.000   0.993   1    1.019
      816  0.000   0.992   1    0.996
      817  0.000   0.984   1    0.979
      818  0.000   0.983   1    0.972
      819  0.000   0.983   1    0.975
      820  0.000   0.983   1    0.990
      821  0.000   0.983   1    1.002
      822  0.000   0.983   1    1.012
      823  0.000   0.983   1    1.018
      824  0.000   0.983   1    1.036
      825  0.000   0.981   1    1.036
      826  0.000   0.979   1    1.038
      827  0.000   0.978   1    1.037
      828  0.000   0.976   1    1.034
      829  0.000   0.976   1    1.037
      830  0.000   0.954   1    1.014
      831  0.000   0.949   1    0.996
      832  0.000   0.948   1    0.984
      833  0.000   0.947   1    0.980
      834  0.000   0.947   1    0.968
      835  0.000   0.947   1    0.970
      836  0.000   0.947   1    0.964
      837  0.000   0.947   1    0.957
      838  0.000   0.926   1    0.936
      839  0.000   0.925   1    0.931
      840  0.000   0.924   1    0.923
      841  0.000   0.924   1    0.932
      842  0.000   0.924   1    0.929
      843  0.000   0.924   1    0.924
      844  0.000   0.924   1    0.923
      845  0.000   0.924   1    0.935
      846  0.000   0.924   1    0.941
      847  0.000   0.924   1    0.944
      848  0.000   0.924   1    0.919
      849  0.000   0.924   1    0.877
      850  0.000   0.924   1    0.845
      851  0.000   0.924   1    0.811
      852  0.000   0.924   1    0.794
      853  0.000   0.924   1    0.783
      854  0.000   0.924   1    0.761
      855  0.000   0.924   1    0.741
      856  0.000   0.921   1    0.720
      857  0.000   0.921   1    0.698
      858  0.000   0.917   1    0.679
      859  0.000   0.917   1    0.666
      860  0.000   0.914   1    0.660
      861  0.000   0.913   1    0.646
      862  0.000   0.912   1    0.608
      863  0.000   0.911   1    0.575
      864  0.000   0.911   1    0.554
      865  0.000   0.910   1    0.549
      866  0.000   0.910   1    0.540
      867  0.000   0.910   1    0.521
      868  0.000   0.910   1    0.518
      869  0.000   0.909   1    0.517
      870  0.000   0.909   1    0.515
      871  0.000   0.909   1    0.519
      872  0.000   0.909   1    0.533
      873  0.000   0.909   1    0.532
      874  0.000   0.909   1    0.521
      875  0.000   0.908   1    0.500
      876  0.000   0.904   1    0.472
      877  0.000   0.694   0    0.438
      878  0.000   0.574   0    0.410
      879  0.000   0.519   0    0.368
      880  0.000   0.463   0    0.354
      881  0.000   0.462   0    0.343
      882  0.000   0.462   0    0.334
      883  0.000   0.461   0    0.330
      884  0.000   0.456   0    0.324
      885  0.000   0.456   0    0.326
      886  0.000   0.453   0    0.304
      887  0.000   0.447   0    0.281
      888  0.000   0.425   0    0.257
      889  0.000   0.423   0    0.250
      890  0.000   0.421   0    0.239
      891  0.000   0.421   0    0.238
      892  0.000   0.421   0    0.241
      893  0.000   0.421   0    0.249
      894  0.000   0.418   0    0.262
      895  0.000   0.412   0    0.263
      896  0.000   0.407   0    0.247
      897  0.000   0.407   0    0.239
      898  0.000   0.407   0    0.228
      899  0.000   0.407   0    0.215
      900  0.000   0.406   0    0.183
      901  0.000   0.405   0    0.170
      902  0.000   0.404   0    0.161
      903  0.000   0.404   0    0.178
      904  0.000   0.404   0    0.201
      905  0.000   0.404   0    0.216
      906  0.000   0.404   0    0.240
      907  0.000   0.404   0    0.238
      908  0.000   0.312   0    0.229
      909  0.000   0.284   0    0.244
      910  0.000   0.265   0    0.250
      911  0.000   0.264   0    0.266
      912  0.000   0.264   0    0.277
      913  0.000   0.264   0    0.291
      914  0.000   0.264   0    0.284
      915  0.000   0.264   0    0.277
      916  0.000   0.264   0    0.296
      917  0.000   0.264   0    0.328
      918  0.000   0.264   0    0.343
      919  0.004   0.267   0    0.343
      920  0.000   0.267   0    0.347
      921  0.000   0.263   0    0.349
      922  0.000   0.260   0    0.353
      923  0.000   0.246   0    0.358
      924  0.000   0.245   0    0.360
      925  0.000   0.231   0    0.368
      926  0.000   0.231   0    0.372
      927  0.000   0.231   0    0.356
      928  0.000   0.231   0    0.360
      929  0.000   0.231   0    0.371
      930  0.000   0.230   0    0.390
      931  0.002   0.232   0    0.395
      932  0.000   0.232   0    0.397
      933  0.001   0.226   0    0.409
      934  0.000   0.212   0    0.443
      935  0.000   0.211   0    0.468
      936  0.000   0.210   0    0.499
      937  0.000   0.210   0    0.522
      938  0.000   0.210   0    0.542
      939  0.000   0.210   0    0.560
      940  0.000   0.210   0    0.573
      941  0.000   0.209   0    0.599
      942  0.000   0.051   0    0.611
      943  0.002   0.013   0    0.632
      944  0.000   0.012   0    0.628
      945  0.003   0.015   0    0.628
      946  0.000   0.015   0    0.635
      947  0.002   0.016   0    0.648
      948  0.009   0.025   0    0.629
      949  0.004   0.029   0    0.628
      950  0.000   0.029   0    0.628
      951  0.000   0.029   0    0.634
      952  0.000   0.029   0    0.632
      953  0.002   0.031   0    0.646
      954  0.007   0.037   0    0.662
      955  0.314   0.351   1    0.686
      956  0.273   0.624   1    0.704
      957  0.137   0.761   1    0.722
      958  0.029   0.789   1    0.737
      959  0.001   0.790   1    0.748
      960  0.007   0.797   1    0.760
      961  0.024   0.821   1    0.766
      962  0.011   0.832   1    0.786
      963  0.005   0.837   1    0.822
      964  0.016   0.853   1    0.840
      965  0.014   0.867   1    0.876
      966  0.133   1.000   1    0.891
      967  0.000   1.000   1    0.910
      968  0.000   1.000   1    0.916
      969  0.000   1.000   1    0.951
      970  0.000   1.000   1    0.968
      971  0.000   1.000   1    0.955
      972  0.000   1.000   1    0.931
      973  0.000   1.000   1    0.931
      974  0.000   1.000   1    0.947
      975  0.000   1.000   1    0.964
      976  0.000   1.000   1    0.981
      977  0.000   1.000   1    1.024
      978  0.000   1.000   1    1.051
      979  0.000   1.000   1    1.087
      980  0.000   1.000   1    1.111
      981  0.000   1.000   1    1.137
      982  0.000   1.000   1    1.165
      983  0.000   1.000   1    1.188
      984  0.000   1.000   1    1.196
      985  0.000   1.000   1    1.205
      986  0.000   1.000   1    1.230
      987  0.000   1.000   1    1.269
      988  0.000   1.000   1    1.298
      989  0.000   1.000   1    1.316
      990  0.000   1.000   1    1.333
      991  0.000   1.000   1    1.359
      992  0.000   1.000   1    1.367
      993  0.000   1.000   1    1.385
      994  0.000   1.000   1    1.402
      995  0.000   1.000   1    1.421
      996  0.000   1.000   1    1.428
      997  0.000   1.000   1    1.440
      998  0.000   1.000   1    1.446
      999  0.000   1.000   1    1.475
     1000  0.000   1.000   1    1.511
     1001  0.000   1.000   1    1.554
     1002  0.000   1.000   1    1.590
     1003  0.000   1.000   1    1.649
     1004  0.000   1.000   1    1.677
     1005  0.000   1.000   1    1.702
     1006  0.000   1.000   1    1.729
     1007  0.000   1.000   1    1.762
     1008  0.000   1.000   1    1.790
     1009  0.000   1.000   1    1.813
     1010  0.000   1.000   1    1.840
     1011  0.000   1.000   1    1.866
     1012  0.000   1.000   1    1.894
     1013  0.000   1.000   1    1.924
     1014  0.000   1.000   1    1.939
     1015  0.000   1.000   1    1.957
     1016  0.000   1.000   1    1.984
     1017  0.000   1.000   1    2.009
     1018  0.000   1.000   1    2.016
     1019  0.000   1.000   1    2.018
     1020  0.000   1.000   1    2.010
     1021  0.000   1.000   1    2.024
     1022  0.000   1.000   1    2.039
     1023  0.000   1.000   1    2.072
     1024  0.000   1.000   1    2.087
     1025  0.000   1.000   1    2.117
     1026  0.000   1.000   1    2.154
     1027  0.000   1.000   1    2.197
     1028  0.000   1.000   1    2.230
     1029  0.000   1.000   1    2.249
     1030  0.000   1.000   1    2.260
     1031  0.000   1.000   1    2.278
     1032  0.000   1.000   1    2.278
     1033  0.000   1.000   1    2.291
     1034  0.000   1.000   1    2.301
     1035  0.000   1.000   1    2.316
     1036  0.000   1.000   1    2.330
     1037  0.000   1.000   1    2.353
     1038  0.000   1.000   1    2.362
     1039  0.000   1.000   1    2.396
     1040  0.000   1.000   1    2.417
     1041  0.000   1.000   1    NA
     1042  0.000   1.000   1    NA
     1043  0.000   1.000   1    NA
     1044  0.000   1.000   1    NA
     1045  0.000   1.000   1    NA
     1046  0.000   1.000   1    NA
     1047  0.000   1.000   1    NA
     1048  0.000   1.000   1    NA
     1049  0.000   1.000   1    NA
     1050  0.000   1.000   1    NA
     1051  0.000   1.000   1    NA
     1052  0.000   1.000   1    NA
     1053  0.000   1.000   1    NA
     1054  0.000   1.000   1    NA
     1055  0.000   1.000   1    NA
     1056  0.000   1.000   1    NA
     1057  0.000   1.000   1    NA
     1058  0.000   1.000   1    NA
     1059  0.000   1.000   1    NA
     1060  0.000   1.000   1    NA
     1061  0.000   1.000   1    NA
     1062  0.000   1.000   1    NA
     1063  0.000   1.000   1    NA
     1064  0.000   1.000   1    NA
     1065  0.000   0.999   1    NA
     1066  0.000   0.996   1    NA
     1067  0.000   0.996   1    NA
     1068  0.000   0.996   1    NA
     1069  0.000   0.996   1    NA
     1070  0.000   0.996   1    NA
     1071  0.000   0.996   1    NA
     1072  0.000   0.996   1    NA
     1073  0.000   0.996   1    NA
     1074  0.000   0.996   1    NA
     1075  0.000   0.996   1    NA
     1076  0.000   0.995   1    NA
     1077  0.000   0.995   1    NA
     1078  0.000   0.993   1    NA
     1079  0.000   0.993   1    NA
     1080  0.000   0.993   1    NA
     1081  0.000   0.993   1    NA
     1082  0.000   0.992   1    NA
     1083  0.000   0.992   1    NA
     1084  0.000   0.992   1    NA
     1085  0.000   0.992   1    NA
     1086  0.000   0.992   1    NA
     1087  0.000   0.992   1    NA
     1088  0.000   0.992   1    NA
     1089  0.000   0.991   1    NA
     1090  0.000   0.989   1    NA
     1091  0.000   0.989   1    NA
     1092  0.000   0.986   1    NA
     1093  0.000   0.986   1    NA
     1094  0.000   0.984   1    NA
     1095  0.000   0.975   1    NA
     1096  0.000   0.971   1    NA
     1097  0.000   0.971   1    NA
     1098  0.000   0.971   1    NA
     1099  0.000   0.971   1    NA
     1100  0.000   0.969   1    NA
     1101  0.000   0.963   1    NA
     1102  0.000   0.649   0    NA
     1103  0.000   0.376   0    NA
     1104  0.000   0.239   0    NA
     1105  0.000   0.211   0    NA
     1106  0.000   0.210   0    NA
     1107  0.000   0.203   0    NA
     1108  0.000   0.179   0    NA
     1109  0.000   0.168   0    NA
     1110  0.000   0.163   0    NA
     1111  0.000   0.147   0    NA
     1112  0.000   0.133   0    NA
     1113  0.000   0.000   0    NA
