 Position  P-start Occup  N/L  Affinity
        1  0.000   0.000   0    NA
        2  0.000   0.000   0    NA
        3  0.000   0.001   0    NA
        4  0.000   0.001   0    NA
        5  0.000   0.001   0    NA
        6  0.000   0.001   0    NA
        7  0.001   0.003   0    NA
        8  0.001   0.003   0    NA
        9  0.000   0.004   0    NA
       10  0.000   0.004   0    NA
       11  0.000   0.004   0    NA
       12  0.000   0.004   0    NA
       13  0.001   0.005   0    NA
       14  0.000   0.005   0    NA
       15  0.001   0.006   0    NA
       16  0.000   0.006   0    NA
       17  0.000   0.006   0    NA
       18  0.000   0.006   0    NA
       19  0.002   0.008   0    NA
       20  0.003   0.011   0    NA
       21  0.002   0.014   0    NA
       22  0.001   0.015   0    NA
       23  0.000   0.015   0    NA
       24  0.001   0.016   0    NA
       25  0.001   0.017   0    NA
       26  0.000   0.017   0    NA
       27  0.000   0.017   0    NA
       28  0.000   0.017   0    NA
       29  0.000   0.017   0    NA
       30  0.000   0.017   0    NA
       31  0.000   0.017   0    NA
       32  0.001   0.019   0    NA
       33  0.007   0.025   0    NA
       34  0.002   0.027   0    NA
       35  0.000   0.028   0    NA
       36  0.000   0.028   0    NA
       37  0.000   0.028   0    NA
       38  0.276   0.304   0    NA
       39  0.087   0.391   0    NA
       40  0.014   0.405   0    NA
       41  0.002   0.406   0    NA
       42  0.043   0.449   0    NA
       43  0.043   0.492   0    NA
       44  0.001   0.493   0    NA
       45  0.000   0.493   0    NA
       46  0.000   0.493   0    NA
       47  0.001   0.494   0    NA
       48  0.000   0.494   0    NA
       49  0.000   0.494   0    NA
       50  0.000   0.494   0    NA
       51  0.029   0.524   0    NA
       52  0.000   0.524   0    NA
       53  0.000   0.524   0    NA
       54  0.001   0.525   0    NA
       55  0.002   0.527   0    NA
       56  0.026   0.553   0    NA
       57  0.009   0.562   0    NA
       58  0.000   0.563   0    NA
       59  0.000   0.563   0    NA
       60  0.000   0.563   0    NA
       61  0.000   0.563   0    NA
       62  0.000   0.563   0    NA
       63  0.000   0.563   0    NA
       64  0.000   0.563   0    NA
       65  0.000   0.563   0    NA
       66  0.000   0.564   0    NA
       67  0.000   0.564   0    NA
       68  0.000   0.564   0    NA
       69  0.000   0.565   0    NA
       70  0.002   0.567   0    NA
       71  0.000   0.567   0    NA
       72  0.000   0.567   0    NA
       73  0.000   0.567   0    NA
       74  0.000   0.567   0    1.055
       75  0.000   0.568   0    1.039
       76  0.000   0.568   0    1.034
       77  0.001   0.569   0    1.002
       78  0.000   0.570   0    1.023
       79  0.000   0.570   0    1.046
       80  0.000   0.570   0    1.063
       81  0.000   0.571   0    1.055
       82  0.004   0.574   0    1.034
       83  0.000   0.575   0    1.034
       84  0.030   0.605   0    1.069
       85  0.004   0.609   0    1.098
       86  0.000   0.609   0    1.122
       87  0.000   0.609   0    1.132
       88  0.000   0.609   0    1.160
       89  0.002   0.612   0    1.186
       90  0.277   0.889   1    1.194
       91  0.080   0.970   1    1.196
       92  0.027   0.997   1    1.196
       93  0.001   0.998   1    1.202
       94  0.000   0.998   1    1.198
       95  0.000   0.998   1    1.196
       96  0.000   0.998   1    1.201
       97  0.000   0.998   1    1.216
       98  0.000   0.998   1    1.214
       99  0.000   0.998   1    1.203
      100  0.000   0.998   1    1.208
      101  0.000   0.998   1    1.218
      102  0.000   0.999   1    1.243
      103  0.000   0.999   1    1.258
      104  0.000   0.999   1    1.263
      105  0.000   0.999   1    1.261
      106  0.000   0.999   1    1.258
      107  0.000   0.999   1    1.239
      108  0.000   0.999   1    1.229
      109  0.000   0.999   1    1.224
      110  0.000   0.999   1    1.230
      111  0.000   0.999   1    1.248
      112  0.000   0.999   1    1.266
      113  0.000   0.999   1    1.266
      114  0.000   0.999   1    1.257
      115  0.000   0.999   1    1.260
      116  0.000   0.999   1    1.264
      117  0.000   0.999   1    1.277
      118  0.000   0.999   1    1.279
      119  0.000   0.999   1    1.267
      120  0.000   0.999   1    1.245
      121  0.000   0.999   1    1.238
      122  0.000   0.999   1    1.234
      123  0.000   0.999   1    1.237
      124  0.000   0.999   1    1.237
      125  0.000   0.999   1    1.230
      126  0.000   0.999   1    1.225
      127  0.000   0.999   1    1.234
      128  0.000   0.999   1    1.256
      129  0.000   0.999   1    1.271
      130  0.000   0.999   1    1.298
      131  0.000   0.999   1    1.312
      132  0.000   0.999   1    1.336
      133  0.000   0.999   1    1.325
      134  0.000   0.999   1    1.315
      135  0.000   0.999   1    1.319
      136  0.000   0.999   1    1.350
      137  0.000   0.999   1    1.387
      138  0.000   0.999   1    1.403
      139  0.000   0.999   1    1.385
      140  0.000   0.999   1    1.360
      141  0.000   0.999   1    1.326
      142  0.000   0.999   1    1.302
      143  0.000   0.999   1    1.264
      144  0.000   0.999   1    1.233
      145  0.000   0.999   1    1.218
      146  0.000   0.999   1    1.206
      147  0.000   0.999   1    1.190
      148  0.000   0.999   1    1.174
      149  0.000   0.999   1    1.166
      150  0.000   0.998   1    1.159
      151  0.000   0.998   1    1.144
      152  0.000   0.998   1    1.127
      153  0.000   0.997   1    1.123
      154  0.000   0.996   1    1.131
      155  0.000   0.995   1    1.125
      156  0.000   0.995   1    1.106
      157  0.000   0.995   1    1.074
      158  0.000   0.995   1    1.038
      159  0.000   0.995   1    1.011
      160  0.000   0.994   1    1.000
      161  0.000   0.994   1    0.987
      162  0.000   0.993   1    0.986
      163  0.000   0.993   1    0.983
      164  0.000   0.993   1    0.977
      165  0.000   0.993   1    0.960
      166  0.000   0.991   1    0.938
      167  0.000   0.988   1    0.906
      168  0.000   0.986   1    0.894
      169  0.000   0.984   1    0.871
      170  0.000   0.984   1    0.844
      171  0.000   0.983   1    0.796
      172  0.000   0.982   1    0.761
      173  0.000   0.982   1    0.734
      174  0.000   0.982   1    0.721
      175  0.000   0.982   1    0.714
      176  0.000   0.982   1    0.689
      177  0.000   0.982   1    0.654
      178  0.000   0.982   1    0.608
      179  0.000   0.981   1    0.572
      180  0.000   0.974   1    0.547
      181  0.000   0.972   1    0.519
      182  0.000   0.972   1    0.488
      183  0.000   0.972   1    0.453
      184  0.000   0.972   1    0.429
      185  0.000   0.695   1    0.383
      186  0.001   0.609   1    0.340
      187  0.002   0.598   1    0.317
      188  0.000   0.596   1    0.297
      189  0.000   0.554   1    0.271
      190  0.000   0.511   1    0.215
      191  0.000   0.510   1    0.159
      192  0.000   0.510   1    0.108
      193  0.000   0.510   1    0.064
      194  0.000   0.509   1    0.030
      195  0.000   0.509   1    0.007
      196  0.000   0.509   1    0.004
      197  0.001   0.510   1    0.005
      198  0.001   0.481   1   -0.002
      199  0.000   0.481   1   -0.031
      200  0.000   0.481   1   -0.061
      201  0.000   0.480   1   -0.093
      202  0.000   0.477   1   -0.105
      203  0.000   0.451   1   -0.124
      204  0.000   0.442   1   -0.147
      205  0.000   0.442   1   -0.171
      206  0.000   0.441   1   -0.185
      207  0.000   0.441   1   -0.211
      208  0.000   0.441   1   -0.230
      209  0.000   0.441   1   -0.258
      210  0.000   0.441   1   -0.281
      211  0.000   0.441   1   -0.285
      212  0.000   0.441   1   -0.291
      213  0.000   0.441   1   -0.291
      214  0.000   0.441   1   -0.286
      215  0.000   0.440   1   -0.286
      216  0.000   0.440   1   -0.281
      217  0.000   0.438   1   -0.305
      218  0.000   0.437   1   -0.351
      219  0.000   0.437   1   -0.390
      220  0.000   0.437   1   -0.411
      221  0.000   0.437   1   -0.414
      222  0.000   0.437   1   -0.416
      223  0.000   0.437   1   -0.420
      224  0.000   0.435   1   -0.434
      225  0.000   0.435   1   -0.442
      226  0.000   0.435   1   -0.452
      227  0.000   0.434   1   -0.466
      228  0.000   0.434   1   -0.477
      229  0.000   0.430   1   -0.488
      230  0.000   0.430   1   -0.502
      231  0.000   0.400   1   -0.509
      232  0.000   0.396   1   -0.495
      233  0.000   0.395   1   -0.470
      234  0.000   0.395   1   -0.463
      235  0.000   0.395   1   -0.460
      236  0.000   0.393   1   -0.462
      237  0.000   0.115   0   -0.469
      238  0.000   0.035   0   -0.480
      239  0.000   0.007   0   -0.497
      240  0.000   0.006   0   -0.504
      241  0.000   0.006   0   -0.493
      242  0.000   0.006   0   -0.499
      243  0.000   0.006   0   -0.500
      244  0.000   0.006   0   -0.502
      245  0.000   0.006   0   -0.494
      246  0.000   0.006   0   -0.509
      247  0.000   0.006   0   -0.536
      248  0.000   0.006   0   -0.561
      249  0.000   0.006   0   -0.575
      250  0.000   0.006   0   -0.591
      251  0.000   0.006   0   -0.619
      252  0.000   0.006   0   -0.662
      253  0.000   0.006   0   -0.692
      254  0.000   0.006   0   -0.711
      255  0.000   0.006   0   -0.735
      256  0.000   0.006   0   -0.778
      257  0.000   0.006   0   -0.833
      258  0.000   0.006   0   -0.885
      259  0.000   0.006   0   -0.922
      260  0.000   0.006   0   -0.957
      261  0.000   0.006   0   -0.991
      262  0.000   0.006   0   -1.015
      263  0.000   0.006   0   -1.044
      264  0.000   0.006   0   -1.073
      265  0.000   0.006   0   -1.111
      266  0.000   0.006   0   -1.168
      267  0.000   0.006   0   -1.226
      268  0.000   0.006   0   -1.282
      269  0.000   0.007   0   -1.350
      270  0.000   0.007   0   -1.417
      271  0.000   0.007   0   -1.457
      272  0.000   0.007   0   -1.467
      273  0.000   0.007   0   -1.454
      274  0.000   0.007   0   -1.448
      275  0.000   0.007   0   -1.449
      276  0.000   0.007   0   -1.459
      277  0.000   0.007   0   -1.474
      278  0.000   0.007   0   -1.509
      279  0.000   0.007   0   -1.519
      280  0.003   0.010   0   -1.534
      281  0.001   0.011   0   -1.539
      282  0.000   0.011   0   -1.533
      283  0.000   0.011   0   -1.542
      284  0.000   0.011   0   -1.539
      285  0.000   0.011   0   -1.535
      286  0.000   0.011   0   -1.535
      287  0.000   0.012   0   -1.562
      288  0.012   0.023   0   -1.587
      289  0.003   0.026   0   -1.593
      290  0.004   0.030   0   -1.603
      291  0.001   0.031   0   -1.624
      292  0.003   0.035   0   -1.635
      293  0.004   0.038   0   -1.644
      294  0.000   0.039   0   -1.659
      295  0.001   0.039   0   -1.657
      296  0.020   0.060   0   -1.668
      297  0.001   0.060   0   -1.679
      298  0.000   0.060   0   -1.696
      299  0.000   0.060   0   -1.712
      300  0.000   0.060   0   -1.704
      301  0.000   0.060   0   -1.680
      302  0.000   0.060   0   -1.633
      303  0.000   0.060   0   -1.586
      304  0.000   0.060   0   -1.560
      305  0.000   0.060   0   -1.544
      306  0.000   0.060   0   -1.513
      307  0.000   0.060   0   -1.465
      308  0.000   0.060   0   -1.416
      309  0.000   0.060   0   -1.367
      310  0.000   0.060   0   -1.321
      311  0.000   0.060   0   -1.257
      312  0.000   0.060   0   -1.194
      313  0.000   0.060   0   -1.132
      314  0.000   0.060   0   -1.085
      315  0.000   0.060   0   -1.029
      316  0.000   0.060   0   -0.984
      317  0.000   0.060   0   -0.949
      318  0.000   0.060   0   -0.918
      319  0.000   0.060   0   -0.883
      320  0.000   0.060   0   -0.841
      321  0.000   0.060   0   -0.794
      322  0.000   0.060   0   -0.747
      323  0.000   0.060   0   -0.710
      324  0.000   0.060   0   -0.646
      325  0.000   0.060   0   -0.572
      326  0.000   0.060   0   -0.508
      327  0.000   0.060   0   -0.457
      328  0.000   0.060   0   -0.420
      329  0.000   0.060   0   -0.407
      330  0.000   0.060   0   -0.391
      331  0.000   0.060   0   -0.374
      332  0.000   0.060   0   -0.341
      333  0.000   0.059   0   -0.294
      334  0.000   0.057   0   -0.237
      335  0.000   0.057   0   -0.184
      336  0.000   0.057   0   -0.125
      337  0.000   0.057   0   -0.085
      338  0.000   0.057   0   -0.031
      339  0.000   0.056   0    0.009
      340  0.000   0.056   0    0.038
      341  0.000   0.056   0    0.071
      342  0.000   0.056   0    0.119
      343  0.000   0.056   0    0.158
      344  0.000   0.055   0    0.179
      345  0.000   0.055   0    0.200
      346  0.000   0.055   0    0.232
      347  0.000   0.055   0    0.251
      348  0.002   0.057   0    0.264
      349  0.003   0.060   0    0.276
      350  0.000   0.060   0    0.273
      351  0.000   0.060   0    0.259
      352  0.000   0.060   0    0.252
      353  0.001   0.061   0    0.252
      354  0.002   0.063   0    0.260
      355  0.034   0.097   0    0.241
      356  0.093   0.190   0    0.219
      357  0.077   0.267   0    0.195
      358  0.139   0.406   0    0.177
      359  0.022   0.429   0    0.159
      360  0.171   0.600   0    0.139
      361  0.014   0.614   0    0.100
      362  0.005   0.619   0    0.044
      363  0.086   0.704   0   -0.021
      364  0.246   0.951   1   -0.081
      365  0.007   0.958   1   -0.112
      366  0.000   0.958   1   -0.128
      367  0.000   0.958   1   -0.131
      368  0.000   0.958   1   -0.135
      369  0.002   0.961   1   -0.136
      370  0.003   0.964   1   -0.163
      371  0.001   0.965   1   -0.194
      372  0.004   0.969   1   -0.210
      373  0.000   0.969   1   -0.226
      374  0.000   0.969   1   -0.237
      375  0.000   0.969   1   -0.258
      376  0.000   0.970   1   -0.280
      377  0.000   0.970   1   -0.305
      378  0.000   0.970   1   -0.324
      379  0.000   0.970   1   -0.341
      380  0.000   0.970   1   -0.366
      381  0.001   0.970   1   -0.389
      382  0.002   0.973   1   -0.417
      383  0.001   0.973   1   -0.439
      384  0.000   0.973   1   -0.441
      385  0.000   0.974   1   -0.442
      386  0.005   0.979   1   -0.440
      387  0.011   0.989   1   -0.456
      388  0.000   0.989   1   -0.486
      389  0.000   0.990   1   -0.520
      390  0.000   0.990   1   -0.560
      391  0.000   0.990   1   -0.598
      392  0.003   0.992   1   -0.627
      393  0.003   0.996   1   -0.637
      394  0.000   0.996   1   -0.634
      395  0.000   0.996   1   -0.616
      396  0.000   0.996   1   -0.619
      397  0.000   0.996   1   -0.639
      398  0.000   0.996   1   -0.644
      399  0.000   0.996   1   -0.628
      400  0.000   0.996   1   -0.607
      401  0.000   0.996   1   -0.574
      402  0.000   0.996   1   -0.529
      403  0.000   0.996   1   -0.483
      404  0.000   0.996   1   -0.423
      405  0.000   0.995   1   -0.375
      406  0.000   0.995   1   -0.309
      407  0.000   0.995   1   -0.256
      408  0.000   0.995   1   -0.209
      409  0.000   0.995   1   -0.158
      410  0.000   0.995   1   -0.091
      411  0.000   0.995   1   -0.040
      412  0.000   0.995   1   -0.005
      413  0.000   0.995   1    0.019
      414  0.000   0.995   1    0.052
      415  0.000   0.995   1    0.109
      416  0.000   0.995   1    0.171
      417  0.000   0.995   1    0.239
      418  0.000   0.995   1    0.316
      419  0.000   0.995   1    0.384
      420  0.000   0.995   1    0.429
      421  0.000   0.995   1    0.457
      422  0.000   0.995   1    0.480
      423  0.000   0.995   1    0.490
      424  0.000   0.995   1    0.499
      425  0.000   0.995   1    0.518
      426  0.000   0.994   1    0.545
      427  0.000   0.991   1    0.574
      428  0.000   0.990   1    0.616
      429  0.000   0.990   1    0.650
      430  0.000   0.990   1    0.674
      431  0.000   0.990   1    0.715
      432  0.000   0.990   1    0.780
      433  0.000   0.990   1    0.851
      434  0.000   0.990   1    0.872
      435  0.000   0.978   1    0.897
      436  0.000   0.975   1    0.902
      437  0.000   0.971   1    0.923
      438  0.000   0.970   1    0.956
      439  0.000   0.967   1    0.990
      440  0.000   0.963   1    1.005
      441  0.000   0.963   1    1.008
      442  0.000   0.962   1    1.014
      443  0.000   0.942   1    1.037
      444  0.000   0.941   1    1.041
      445  0.000   0.941   1    1.058
      446  0.000   0.941   1    1.064
      447  0.000   0.941   1    1.062
      448  0.000   0.941   1    1.026
      449  0.000   0.941   1    0.984
      450  0.000   0.941   1    0.944
      451  0.000   0.941   1    0.920
      452  0.000   0.941   1    0.903
      453  0.000   0.941   1    0.862
      454  0.000   0.941   1    0.826
      455  0.000   0.941   1    0.791
      456  0.000   0.941   1    0.749
      457  0.000   0.941   1    0.708
      458  0.000   0.941   1    0.662
      459  0.000   0.941   1    0.615
      460  0.000   0.941   1    0.560
      461  0.000   0.941   1    0.487
      462  0.000   0.941   1    0.433
      463  0.000   0.941   1    0.390
      464  0.000   0.942   1    0.337
      465  0.000   0.942   1    0.284
      466  0.002   0.944   1    0.230
      467  0.001   0.945   1    0.176
      468  0.000   0.945   1    0.131
      469  0.000   0.945   1    0.098
      470  0.000   0.945   1    0.047
      471  0.000   0.945   1    0.007
      472  0.000   0.945   1   -0.040
      473  0.002   0.948   1   -0.111
      474  0.000   0.948   1   -0.177
      475  0.000   0.948   1   -0.235
      476  0.000   0.948   1   -0.279
      477  0.000   0.948   1   -0.334
      478  0.000   0.948   1   -0.379
      479  0.000   0.948   1   -0.422
      480  0.000   0.948   1   -0.466
      481  0.000   0.948   1   -0.515
      482  0.000   0.948   1   -0.566
      483  0.000   0.948   1   -0.618
      484  0.000   0.948   1   -0.661
      485  0.000   0.948   1   -0.689
      486  0.000   0.948   1   -0.743
      487  0.000   0.948   1   -0.815
      488  0.000   0.948   1   -0.891
      489  0.000   0.948   1   -0.932
      490  0.000   0.948   1   -0.968
      491  0.000   0.948   1   -0.993
      492  0.000   0.948   1   -1.022
      493  0.000   0.948   1   -1.058
      494  0.000   0.948   1   -1.101
      495  0.000   0.946   1   -1.143
      496  0.000   0.943   1   -1.185
      497  0.000   0.943   1   -1.213
      498  0.000   0.943   1   -1.228
      499  0.000   0.943   1   -1.232
      500  0.000   0.942   1   -1.240
      501  0.000   0.939   1   -1.245
      502  0.000   0.906   1   -1.257
      503  0.000   0.813   1   -1.237
      504  0.000   0.736   1   -1.222
      505  0.000   0.597   1   -1.220
      506  0.000   0.574   1   -1.242
      507  0.000   0.404   1   -1.262
      508  0.000   0.390   1   -1.257
      509  0.000   0.385   1   -1.249
      510  0.000   0.299   1   -1.235
      511  0.000   0.053   0   -1.223
      512  0.000   0.046   0   -1.205
      513  0.000   0.045   0   -1.188
      514  0.000   0.045   0   -1.175
      515  0.001   0.046   0   -1.147
      516  0.003   0.046   0   -1.121
      517  0.001   0.044   0   -1.102
      518  0.000   0.043   0   -1.080
      519  0.000   0.039   0   -1.054
      520  0.000   0.039   0   -1.041
      521  0.000   0.039   0   -1.011
      522  0.000   0.038   0   -0.986
      523  0.000   0.038   0   -0.975
      524  0.000   0.038   0   -0.976
      525  0.000   0.038   0   -0.975
      526  0.000   0.038   0   -0.970
      527  0.000   0.038   0   -0.960
      528  0.000   0.037   0   -0.930
      529  0.000   0.035   0   -0.895
      530  0.000   0.034   0   -0.875
      531  0.000   0.034   0   -0.871
      532  0.000   0.034   0   -0.854
      533  0.000   0.029   0   -0.830
      534  0.000   0.018   0   -0.805
      535  0.000   0.018   0   -0.784
      536  0.000   0.018   0   -0.754
      537  0.000   0.018   0   -0.728
      538  0.000   0.018   0   -0.711
      539  0.000   0.015   0   -0.704
      540  0.000   0.012   0   -0.692
      541  0.000   0.012   0   -0.665
      542  0.000   0.012   0   -0.623
      543  0.000   0.012   0   -0.585
      544  0.000   0.012   0   -0.557
      545  0.000   0.012   0   -0.561
      546  0.000   0.012   0   -0.573
      547  0.000   0.012   0   -0.592
      548  0.000   0.012   0   -0.617
      549  0.000   0.012   0   -0.638
      550  0.000   0.012   0   -0.642
      551  0.000   0.012   0   -0.639
      552  0.000   0.012   0   -0.632
      553  0.000   0.012   0   -0.630
      554  0.000   0.012   0   -0.634
      555  0.000   0.012   0   -0.642
      556  0.000   0.012   0   -0.656
      557  0.000   0.012   0   -0.662
      558  0.000   0.012   0   -0.685
      559  0.000   0.013   0   -0.708
      560  0.000   0.013   0   -0.714
      561  0.000   0.013   0   -0.688
      562  0.000   0.013   0   -0.654
      563  0.000   0.013   0   -0.635
      564  0.000   0.013   0   -0.646
      565  0.000   0.013   0   -0.671
      566  0.000   0.013   0   -0.709
      567  0.001   0.014   0   -0.762
      568  0.001   0.014   0   -0.800
      569  0.000   0.014   0   -0.844
      570  0.000   0.014   0   -0.881
      571  0.000   0.014   0   -0.904
      572  0.000   0.014   0   -0.932
      573  0.000   0.014   0   -0.973
      574  0.000   0.014   0   -1.028
      575  0.000   0.014   0   -1.076
      576  0.000   0.014   0   -1.134
      577  0.000   0.015   0   -1.177
      578  0.000   0.015   0   -1.217
      579  0.000   0.015   0   -1.253
      580  0.000   0.015   0   -1.266
      581  0.000   0.015   0   -1.284
      582  0.000   0.015   0   -1.291
      583  0.000   0.015   0   -1.323
      584  0.000   0.015   0   -1.355
      585  0.000   0.015   0   -1.388
      586  0.000   0.015   0   -1.418
      587  0.000   0.015   0   -1.454
      588  0.000   0.015   0   -1.468
      589  0.000   0.015   0   -1.484
      590  0.000   0.015   0   -1.492
      591  0.000   0.015   0   -1.510
      592  0.000   0.015   0   -1.526
      593  0.000   0.015   0   -1.532
      594  0.000   0.015   0   -1.530
      595  0.000   0.015   0   -1.534
      596  0.000   0.015   0   -1.531
      597  0.000   0.015   0   -1.539
      598  0.000   0.015   0   -1.543
      599  0.000   0.015   0   -1.555
      600  0.000   0.015   0   -1.566
      601  0.000   0.015   0   -1.563
      602  0.000   0.015   0   -1.552
      603  0.000   0.015   0   -1.529
      604  0.000   0.015   0   -1.499
      605  0.000   0.014   0   -1.472
      606  0.000   0.014   0   -1.442
      607  0.000   0.014   0   -1.429
      608  0.000   0.014   0   -1.443
      609  0.000   0.014   0   -1.465
      610  0.000   0.014   0   -1.478
      611  0.000   0.014   0   -1.481
      612  0.000   0.014   0   -1.467
      613  0.000   0.011   0   -1.450
      614  0.000   0.011   0   -1.432
      615  0.000   0.011   0   -1.443
      616  0.000   0.011   0   -1.462
      617  0.000   0.011   0   -1.487
      618  0.000   0.011   0   -1.512
      619  0.000   0.011   0   -1.527
      620  0.000   0.008   0   -1.548
      621  0.000   0.008   0   -1.545
      622  0.000   0.008   0   -1.526
      623  0.000   0.008   0   -1.497
      624  0.000   0.008   0   -1.470
      625  0.000   0.008   0   -1.450
      626  0.000   0.008   0   -1.438
      627  0.000   0.008   0   -1.423
      628  0.000   0.008   0   -1.414
      629  0.000   0.008   0   -1.407
      630  0.000   0.008   0   -1.403
      631  0.000   0.008   0   -1.398
      632  0.000   0.008   0   -1.378
      633  0.000   0.008   0   -1.341
      634  0.000   0.008   0   -1.309
      635  0.000   0.008   0   -1.290
      636  0.000   0.008   0   -1.304
      637  0.000   0.008   0   -1.317
      638  0.000   0.008   0   -1.296
      639  0.000   0.008   0   -1.278
      640  0.000   0.008   0   -1.256
      641  0.000   0.008   0   -1.233
      642  0.000   0.008   0   -1.209
      643  0.000   0.008   0   -1.197
      644  0.000   0.008   0   -1.191
      645  0.000   0.008   0   -1.184
      646  0.000   0.008   0   -1.185
      647  0.000   0.008   0   -1.209
      648  0.000   0.008   0   -1.247
      649  0.000   0.008   0   -1.281
      650  0.000   0.008   0   -1.305
      651  0.000   0.008   0   -1.332
      652  0.000   0.008   0   -1.346
      653  0.000   0.008   0   -1.368
      654  0.000   0.008   0   -1.383
      655  0.000   0.008   0   -1.368
      656  0.000   0.008   0   -1.351
      657  0.000   0.008   0   -1.338
      658  0.000   0.008   0   -1.355
      659  0.000   0.008   0   -1.372
      660  0.000   0.008   0   -1.372
      661  0.000   0.008   0   -1.363
      662  0.000   0.007   0   -1.363
      663  0.000   0.005   0   -1.366
      664  0.000   0.004   0   -1.360
      665  0.000   0.004   0   -1.348
      666  0.000   0.004   0   -1.346
      667  0.000   0.004   0   -1.339
      668  0.001   0.005   0   -1.331
      669  0.004   0.009   0   -1.342
      670  0.019   0.028   0   -1.355
      671  0.000   0.029   0   -1.370
      672  0.000   0.029   0   -1.380
      673  0.000   0.029   0   -1.381
      674  0.000   0.029   0   -1.359
      675  0.000   0.029   0   -1.326
      676  0.000   0.029   0   -1.300
      677  0.000   0.029   0   -1.288
      678  0.001   0.030   0   -1.299
      679  0.002   0.032   0   -1.303
      680  0.001   0.033   0   -1.313
      681  0.005   0.038   0   -1.317
      682  0.000   0.038   0   -1.316
      683  0.018   0.057   0   -1.313
      684  0.005   0.062   0   -1.292
      685  0.001   0.063   0   -1.264
      686  0.000   0.063   0   -1.236
      687  0.000   0.063   0   -1.225
      688  0.000   0.063   0   -1.230
      689  0.000   0.063   0   -1.237
      690  0.001   0.064   0   -1.256
      691  0.022   0.086   0   -1.239
      692  0.001   0.087   0   -1.227
      693  0.000   0.087   0   -1.218
      694  0.000   0.087   0   -1.203
      695  0.000   0.087   0   -1.186
      696  0.000   0.087   0   -1.166
      697  0.000   0.087   0   -1.141
      698  0.000   0.087   0   -1.122
      699  0.000   0.087   0   -1.109
      700  0.000   0.087   0   -1.101
      701  0.000   0.087   0   -1.083
      702  0.000   0.087   0   -1.034
      703  0.000   0.087   0   -0.984
      704  0.000   0.087   0   -0.938
      705  0.000   0.087   0   -0.900
      706  0.000   0.086   0   -0.870
      707  0.000   0.086   0   -0.867
      708  0.000   0.087   0   -0.849
      709  0.002   0.089   0   -0.817
      710  0.000   0.089   0   -0.798
      711  0.001   0.090   0   -0.777
      712  0.000   0.090   0   -0.762
      713  0.004   0.094   0   -0.715
      714  0.001   0.094   0   -0.664
      715  0.001   0.094   0   -0.630
      716  0.000   0.095   0   -0.598
      717  0.000   0.095   0   -0.566
      718  0.000   0.095   0   -0.528
      719  0.000   0.095   0   -0.497
      720  0.000   0.095   0   -0.475
      721  0.001   0.096   0   -0.442
      722  0.001   0.097   0   -0.422
      723  0.000   0.097   0   -0.413
      724  0.000   0.097   0   -0.367
      725  0.000   0.097   0   -0.300
      726  0.000   0.097   0   -0.238
      727  0.000   0.097   0   -0.174
      728  0.002   0.099   0   -0.129
      729  0.003   0.102   0   -0.089
      730  0.182   0.284   1   -0.051
      731  0.131   0.415   1   -0.024
      732  0.049   0.464   1   -0.005
      733  0.074   0.538   1    0.015
      734  0.002   0.540   1    0.038
      735  0.002   0.542   1    0.080
      736  0.002   0.544   1    0.128
      737  0.019   0.563   1    0.172
      738  0.003   0.566   1    0.218
      739  0.025   0.591   1    0.253
      740  0.056   0.647   1    0.267
      741  0.072   0.720   1    0.283
      742  0.011   0.731   1    0.292
      743  0.006   0.737   1    0.314
      744  0.000   0.737   1    0.327
      745  0.000   0.737   1    0.351
      746  0.000   0.737   1    0.356
      747  0.007   0.744   1    0.383
      748  0.007   0.751   1    0.397
      749  0.005   0.756   1    0.404
      750  0.000   0.756   1    0.411
      751  0.000   0.756   1    0.415
      752  0.000   0.756   1    0.419
      753  0.000   0.756   1    0.417
      754  0.001   0.757   1    0.453
      755  0.000   0.757   1    0.498
      756  0.000   0.758   1    0.537
      757  0.000   0.758   1    0.561
      758  0.000   0.758   1    0.581
      759  0.000   0.758   1    0.616
      760  0.000   0.758   1    0.641
      761  0.082   0.840   1    0.667
      762  0.057   0.897   1    0.704
      763  0.009   0.906   1    0.734
      764  0.000   0.906   1    0.751
      765  0.000   0.906   1    0.767
      766  0.000   0.906   1    0.770
      767  0.000   0.906   1    0.789
      768  0.000   0.906   1    0.795
      769  0.000   0.906   1    0.791
      770  0.000   0.906   1    0.771
      771  0.000   0.906   1    0.740
      772  0.000   0.906   1    0.733
      773  0.001   0.907   1    0.735
      774  0.020   0.926   1    0.746
      775  0.007   0.933   1    0.768
      776  0.013   0.946   1    0.805
      777  0.000   0.946   1    0.833
      778  0.001   0.948   1    0.857
      779  0.000   0.948   1    0.862
      780  0.000   0.948   1    0.854
      781  0.000   0.948   1    0.849
      782  0.000   0.948   1    0.840
      783  0.000   0.948   1    0.854
      784  0.000   0.948   1    0.847
      785  0.000   0.949   1    0.850
      786  0.002   0.951   1    0.863
      787  0.002   0.953   1    0.891
      788  0.000   0.953   1    0.916
      789  0.000   0.953   1    0.934
      790  0.000   0.953   1    0.933
      791  0.000   0.953   1    0.922
      792  0.000   0.953   1    0.912
      793  0.000   0.953   1    0.919
      794  0.000   0.954   1    0.930
      795  0.031   0.985   1    0.959
      796  0.010   0.995   1    0.979
      797  0.000   0.995   1    1.001
      798  0.000   0.996   1    1.019
      799  0.000   0.996   1    1.056
      800  0.000   0.996   1    1.089
      801  0.000   0.996   1    1.125
      802  0.000   0.996   1    1.143
      803  0.000   0.996   1    1.157
      804  0.000   0.996   1    1.177
      805  0.000   0.996   1    1.197
      806  0.000   0.996   1    1.225
      807  0.000   0.996   1    1.268
      808  0.000   0.996   1    1.304
      809  0.000   0.996   1    1.309
      810  0.000   0.996   1    1.293
      811  0.000   0.996   1    1.286
      812  0.000   0.996   1    1.265
      813  0.000   0.996   1    1.239
      814  0.000   0.996   1    1.199
      815  0.000   0.994   1    1.174
      816  0.000   0.990   1    1.149
      817  0.000   0.971   1    1.131
      818  0.000   0.971   1    1.128
      819  0.000   0.971   1    1.136
      820  0.000   0.971   1    1.159
      821  0.000   0.971   1    1.175
      822  0.000   0.971   1    1.184
      823  0.000   0.971   1    1.180
      824  0.000   0.971   1    1.184
      825  0.000   0.969   1    1.175
      826  0.000   0.967   1    1.166
      827  0.000   0.966   1    1.154
      828  0.000   0.961   1    1.139
      829  0.000   0.961   1    1.141
      830  0.000   0.943   1    1.111
      831  0.000   0.938   1    1.087
      832  0.000   0.937   1    1.067
      833  0.000   0.937   1    1.056
      834  0.000   0.937   1    1.033
      835  0.000   0.937   1    1.025
      836  0.000   0.937   1    1.008
      837  0.000   0.935   1    0.990
      838  0.000   0.913   1    0.957
      839  0.000   0.912   1    0.933
      840  0.000   0.912   1    0.912
      841  0.000   0.912   1    0.905
      842  0.000   0.912   1    0.892
      843  0.000   0.912   1    0.878
      844  0.000   0.912   1    0.870
      845  0.000   0.912   1    0.875
      846  0.000   0.912   1    0.870
      847  0.000   0.912   1    0.861
      848  0.000   0.912   1    0.822
      849  0.000   0.912   1    0.770
      850  0.000   0.912   1    0.730
      851  0.000   0.912   1    0.688
      852  0.000   0.912   1    0.667
      853  0.000   0.912   1    0.656
      854  0.000   0.912   1    0.634
      855  0.000   0.912   1    0.611
      856  0.000   0.910   1    0.580
      857  0.000   0.909   1    0.544
      858  0.000   0.908   1    0.509
      859  0.000   0.908   1    0.483
      860  0.000   0.904   1    0.468
      861  0.000   0.903   1    0.448
      862  0.000   0.903   1    0.400
      863  0.000   0.902   1    0.357
      864  0.000   0.902   1    0.333
      865  0.000   0.902   1    0.327
      866  0.000   0.902   1    0.323
      867  0.000   0.902   1    0.309
      868  0.000   0.901   1    0.318
      869  0.000   0.900   1    0.322
      870  0.000   0.900   1    0.322
      871  0.000   0.900   1    0.326
      872  0.000   0.900   1    0.341
      873  0.000   0.900   1    0.338
      874  0.000   0.899   1    0.321
      875  0.000   0.898   1    0.284
      876  0.000   0.895   1    0.246
      877  0.000   0.713   0    0.209
      878  0.000   0.582   0    0.186
      879  0.000   0.533   0    0.144
      880  0.000   0.459   0    0.132
      881  0.000   0.456   0    0.122
      882  0.000   0.455   0    0.119
      883  0.000   0.452   0    0.121
      884  0.000   0.434   0    0.112
      885  0.000   0.430   0    0.121
      886  0.000   0.406   0    0.104
      887  0.000   0.349   0    0.085
      888  0.000   0.277   0    0.064
      889  0.000   0.266   0    0.057
      890  0.000   0.260   0    0.050
      891  0.000   0.260   0    0.047
      892  0.000   0.260   0    0.048
      893  0.000   0.260   0    0.056
      894  0.000   0.253   0    0.073
      895  0.000   0.246   0    0.072
      896  0.000   0.241   0    0.059
      897  0.000   0.241   0    0.054
      898  0.000   0.241   0    0.042
      899  0.000   0.241   0    0.031
      900  0.000   0.241   0    0.004
      901  0.000   0.240   0   -0.008
      902  0.000   0.239   0   -0.017
      903  0.000   0.239   0   -0.005
      904  0.000   0.239   0    0.017
      905  0.000   0.240   0    0.028
      906  0.000   0.240   0    0.051
      907  0.000   0.239   0    0.046
      908  0.000   0.157   0    0.028
      909  0.000   0.100   0    0.029
      910  0.000   0.091   0    0.028
      911  0.000   0.091   0    0.036
      912  0.000   0.091   0    0.045
      913  0.000   0.091   0    0.061
      914  0.000   0.091   0    0.059
      915  0.000   0.091   0    0.057
      916  0.000   0.091   0    0.075
      917  0.000   0.091   0    0.108
      918  0.001   0.092   0    0.120
      919  0.010   0.102   0    0.119
      920  0.000   0.101   0    0.123
      921  0.000   0.081   0    0.120
      922  0.000   0.075   0    0.120
      923  0.000   0.062   0    0.119
      924  0.000   0.061   0    0.118
      925  0.000   0.060   0    0.121
      926  0.000   0.060   0    0.118
      927  0.000   0.060   0    0.096
      928  0.000   0.060   0    0.089
      929  0.001   0.061   0    0.091
      930  0.000   0.061   0    0.107
      931  0.004   0.065   0    0.113
      932  0.000   0.064   0    0.112
      933  0.002   0.064   0    0.123
      934  0.001   0.062   0    0.159
      935  0.001   0.063   0    0.187
      936  0.000   0.063   0    0.221
      937  0.000   0.063   0    0.247
      938  0.000   0.063   0    0.270
      939  0.000   0.063   0    0.286
      940  0.000   0.063   0    0.291
      941  0.002   0.065   0    0.305
      942  0.003   0.036   0    0.308
      943  0.011   0.037   0    0.322
      944  0.000   0.037   0    0.315
      945  0.004   0.041   0    0.305
      946  0.000   0.041   0    0.312
      947  0.002   0.042   0    0.324
      948  0.008   0.051   0    0.300
      949  0.004   0.054   0    0.293
      950  0.000   0.054   0    0.297
      951  0.000   0.055   0    0.311
      952  0.000   0.055   0    0.316
      953  0.001   0.055   0    0.335
      954  0.003   0.058   0    0.354
      955  0.309   0.367   1    0.378
      956  0.212   0.579   1    0.399
      957  0.108   0.687   1    0.426
      958  0.021   0.708   1    0.453
      959  0.002   0.710   1    0.470
      960  0.014   0.724   1    0.490
      961  0.047   0.771   1    0.505
      962  0.007   0.779   1    0.538
      963  0.004   0.783   1    0.582
      964  0.021   0.805   1    0.616
      965  0.042   0.846   1    0.663
      966  0.154   1.000   1    0.694
      967  0.000   1.000   1    0.726
      968  0.000   1.000   1    0.741
      969  0.000   1.000   1    0.783
      970  0.000   1.000   1    0.801
      971  0.000   1.000   1    0.798
      972  0.000   1.000   1    0.782
      973  0.000   1.000   1    0.800
      974  0.000   1.000   1    0.820
      975  0.000   1.000   1    0.841
      976  0.000   1.000   1    0.864
      977  0.000   1.000   1    0.915
      978  0.000   1.000   1    0.948
      979  0.000   1.000   1    0.992
      980  0.000   1.000   1    1.024
      981  0.000   1.000   1    1.061
      982  0.000   1.000   1    1.094
      983  0.000   1.000   1    1.123
      984  0.000   1.000   1    1.140
      985  0.000   1.000   1    1.160
      986  0.000   1.000   1    1.191
      987  0.000   1.000   1    1.239
      988  0.000   1.000   1    1.272
      989  0.000   1.000   1    1.296
      990  0.000   1.000   1    1.313
      991  0.000   1.000   1    1.339
      992  0.000   1.000   1    1.345
      993  0.000   1.000   1    1.362
      994  0.000   1.000   1    1.382
      995  0.000   1.000   1    1.406
      996  0.000   1.000   1    1.422
      997  0.000   1.000   1    1.441
      998  0.000   1.000   1    1.451
      999  0.000   1.000   1    1.485
     1000  0.000   1.000   1    1.527
     1001  0.000   1.000   1    1.577
     1002  0.000   1.000   1    1.618
     1003  0.000   1.000   1    1.685
     1004  0.000   1.000   1    1.721
     1005  0.000   1.000   1    1.748
     1006  0.000   1.000   1    1.769
     1007  0.000   1.000   1    1.798
     1008  0.000   1.000   1    1.819
     1009  0.000   1.000   1    1.837
     1010  0.000   1.000   1    1.865
     1011  0.000   1.000   1    1.895
     1012  0.000   1.000   1    1.923
     1013  0.000   1.000   1    1.956
     1014  0.000   1.000   1    1.973
     1015  0.000   1.000   1    1.991
     1016  0.000   1.000   1    2.017
     1017  0.000   1.000   1    2.038
     1018  0.000   1.000   1    2.045
     1019  0.000   1.000   1    2.046
     1020  0.000   1.000   1    2.036
     1021  0.000   1.000   1    2.048
     1022  0.000   1.000   1    2.063
     1023  0.000   1.000   1    2.095
     1024  0.000   1.000   1    2.108
     1025  0.000   1.000   1    2.138
     1026  0.000   1.000   1    2.169
     1027  0.000   1.000   1    2.208
     1028  0.000   1.000   1    2.229
     1029  0.000   1.000   1    2.248
     1030  0.000   1.000   1    2.256
     1031  0.000   1.000   1    2.272
     1032  0.000   1.000   1    2.271
     1033  0.000   1.000   1    2.288
     1034  0.000   1.000   1    2.295
     1035  0.000   1.000   1    2.305
     1036  0.000   1.000   1    2.313
     1037  0.000   1.000   1    2.339
     1038  0.000   1.000   1    2.355
     1039  0.000   1.000   1    2.395
     1040  0.000   1.000   1    2.413
     1041  0.000   1.000   1    NA
     1042  0.000   1.000   1    NA
     1043  0.000   1.000   1    NA
     1044  0.000   1.000   1    NA
     1045  0.000   1.000   1    NA
     1046  0.000   1.000   1    NA
     1047  0.000   1.000   1    NA
     1048  0.000   1.000   1    NA
     1049  0.000   1.000   1    NA
     1050  0.000   1.000   1    NA
     1051  0.000   1.000   1    NA
     1052  0.000   0.999   1    NA
     1053  0.000   0.999   1    NA
     1054  0.000   0.999   1    NA
     1055  0.000   0.999   1    NA
     1056  0.000   0.999   1    NA
     1057  0.000   0.999   1    NA
     1058  0.000   0.999   1    NA
     1059  0.000   0.999   1    NA
     1060  0.000   0.999   1    NA
     1061  0.000   0.999   1    NA
     1062  0.000   0.999   1    NA
     1063  0.000   0.999   1    NA
     1064  0.000   0.999   1    NA
     1065  0.000   0.998   1    NA
     1066  0.000   0.988   1    NA
     1067  0.000   0.988   1    NA
     1068  0.000   0.988   1    NA
     1069  0.000   0.988   1    NA
     1070  0.000   0.988   1    NA
     1071  0.000   0.988   1    NA
     1072  0.000   0.988   1    NA
     1073  0.000   0.988   1    NA
     1074  0.000   0.988   1    NA
     1075  0.000   0.988   1    NA
     1076  0.000   0.987   1    NA
     1077  0.000   0.987   1    NA
     1078  0.000   0.983   1    NA
     1079  0.000   0.983   1    NA
     1080  0.000   0.981   1    NA
     1081  0.000   0.981   1    NA
     1082  0.000   0.980   1    NA
     1083  0.000   0.980   1    NA
     1084  0.000   0.979   1    NA
     1085  0.000   0.979   1    NA
     1086  0.000   0.979   1    NA
     1087  0.000   0.979   1    NA
     1088  0.000   0.977   1    NA
     1089  0.000   0.975   1    NA
     1090  0.000   0.964   1    NA
     1091  0.000   0.964   1    NA
     1092  0.000   0.959   1    NA
     1093  0.000   0.959   1    NA
     1094  0.000   0.958   1    NA
     1095  0.000   0.949   1    NA
     1096  0.000   0.946   1    NA
     1097  0.000   0.946   1    NA
     1098  0.000   0.946   1    NA
     1099  0.000   0.945   1    NA
     1100  0.000   0.945   1    NA
     1101  0.000   0.942   1    NA
     1102  0.000   0.633   0    NA
     1103  0.000   0.421   0    NA
     1104  0.000   0.313   0    NA
     1105  0.000   0.292   0    NA
     1106  0.000   0.290   0    NA
     1107  0.000   0.276   0    NA
     1108  0.000   0.229   0    NA
     1109  0.000   0.221   0    NA
     1110  0.000   0.217   0    NA
     1111  0.000   0.196   0    NA
     1112  0.000   0.154   0    NA
     1113  0.000   0.000   0    NA
