 Position  P-start Occup  N/L  Affinity
        1  0.000   0.000   0    NA
        2  0.000   0.000   0    NA
        3  0.000   0.001   0    NA
        4  0.000   0.001   0    NA
        5  0.000   0.001   0    NA
        6  0.000   0.001   0    NA
        7  0.001   0.003   0    NA
        8  0.001   0.003   0    NA
        9  0.000   0.004   0    NA
       10  0.000   0.004   0    NA
       11  0.000   0.004   0    NA
       12  0.000   0.004   0    NA
       13  0.001   0.005   0    NA
       14  0.000   0.005   0    NA
       15  0.001   0.006   0    NA
       16  0.000   0.006   0    NA
       17  0.000   0.006   0    NA
       18  0.000   0.006   0    NA
       19  0.002   0.008   0    NA
       20  0.003   0.011   0    NA
       21  0.002   0.013   0    NA
       22  0.001   0.015   0    NA
       23  0.000   0.015   0    NA
       24  0.001   0.016   0    NA
       25  0.001   0.017   0    NA
       26  0.000   0.017   0    NA
       27  0.000   0.017   0    NA
       28  0.000   0.017   0    NA
       29  0.000   0.017   0    NA
       30  0.000   0.017   0    NA
       31  0.000   0.017   0    NA
       32  0.001   0.019   0    NA
       33  0.007   0.025   0    NA
       34  0.002   0.027   0    NA
       35  0.000   0.027   0    NA
       36  0.000   0.027   0    NA
       37  0.000   0.028   0    NA
       38  0.276   0.304   0    NA
       39  0.087   0.391   0    NA
       40  0.014   0.405   0    NA
       41  0.002   0.406   0    NA
       42  0.043   0.449   0    NA
       43  0.043   0.492   0    NA
       44  0.001   0.493   0    NA
       45  0.000   0.493   0    NA
       46  0.000   0.493   0    NA
       47  0.001   0.494   0    NA
       48  0.000   0.494   0    NA
       49  0.000   0.494   0    NA
       50  0.000   0.494   0    NA
       51  0.029   0.524   0    NA
       52  0.000   0.524   0    NA
       53  0.000   0.524   0    NA
       54  0.001   0.525   0    NA
       55  0.002   0.527   0    NA
       56  0.026   0.553   0    NA
       57  0.009   0.562   0    NA
       58  0.000   0.563   0    NA
       59  0.000   0.563   0    NA
       60  0.000   0.563   0    NA
       61  0.000   0.563   0    NA
       62  0.000   0.563   0    NA
       63  0.000   0.563   0    NA
       64  0.000   0.563   0    NA
       65  0.000   0.563   0    NA
       66  0.000   0.564   0    NA
       67  0.000   0.564   0    NA
       68  0.000   0.564   0    NA
       69  0.000   0.565   0    NA
       70  0.002   0.567   0    NA
       71  0.000   0.567   0    NA
       72  0.000   0.567   0    NA
       73  0.000   0.567   0    NA
       74  0.000   0.567   0    1.100
       75  0.000   0.568   0    1.084
       76  0.000   0.568   0    1.080
       77  0.001   0.569   0    1.048
       78  0.000   0.570   0    1.069
       79  0.000   0.570   0    1.091
       80  0.000   0.570   0    1.108
       81  0.000   0.571   0    1.101
       82  0.004   0.574   0    1.080
       83  0.000   0.575   0    1.080
       84  0.030   0.605   0    1.114
       85  0.004   0.609   0    1.142
       86  0.000   0.609   0    1.166
       87  0.000   0.609   0    1.176
       88  0.000   0.609   0    1.204
       89  0.002   0.612   0    1.229
       90  0.277   0.889   1    1.236
       91  0.080   0.970   1    1.239
       92  0.027   0.997   1    1.239
       93  0.001   0.998   1    1.244
       94  0.000   0.998   1    1.240
       95  0.000   0.998   1    1.239
       96  0.000   0.998   1    1.243
       97  0.000   0.998   1    1.258
       98  0.000   0.998   1    1.256
       99  0.000   0.998   1    1.245
      100  0.000   0.998   1    1.250
      101  0.000   0.998   1    1.260
      102  0.000   0.999   1    1.284
      103  0.000   0.999   1    1.299
      104  0.000   0.999   1    1.305
      105  0.000   0.999   1    1.303
      106  0.000   0.999   1    1.299
      107  0.000   0.999   1    1.281
      108  0.000   0.999   1    1.271
      109  0.000   0.999   1    1.266
      110  0.000   0.999   1    1.272
      111  0.000   0.999   1    1.289
      112  0.000   0.999   1    1.307
      113  0.000   0.999   1    1.307
      114  0.000   0.999   1    1.299
      115  0.000   0.999   1    1.301
      116  0.000   0.999   1    1.305
      117  0.000   0.999   1    1.318
      118  0.000   0.999   1    1.320
      119  0.000   0.999   1    1.308
      120  0.000   0.999   1    1.287
      121  0.000   0.999   1    1.280
      122  0.000   0.999   1    1.276
      123  0.000   0.999   1    1.278
      124  0.000   0.999   1    1.279
      125  0.000   0.999   1    1.272
      126  0.000   0.999   1    1.267
      127  0.000   0.999   1    1.276
      128  0.000   0.999   1    1.298
      129  0.000   0.999   1    1.312
      130  0.000   0.999   1    1.339
      131  0.000   0.999   1    1.352
      132  0.000   0.999   1    1.376
      133  0.000   0.999   1    1.365
      134  0.000   0.999   1    1.355
      135  0.000   0.999   1    1.359
      136  0.000   0.999   1    1.390
      137  0.000   0.999   1    1.426
      138  0.000   0.999   1    1.442
      139  0.000   0.999   1    1.424
      140  0.000   0.999   1    1.399
      141  0.000   0.999   1    1.366
      142  0.000   0.999   1    1.342
      143  0.000   0.999   1    1.305
      144  0.000   0.999   1    1.275
      145  0.000   0.999   1    1.261
      146  0.000   0.999   1    1.248
      147  0.000   0.999   1    1.233
      148  0.000   0.999   1    1.217
      149  0.000   0.999   1    1.209
      150  0.000   0.998   1    1.202
      151  0.000   0.998   1    1.187
      152  0.000   0.998   1    1.171
      153  0.000   0.997   1    1.167
      154  0.000   0.996   1    1.175
      155  0.000   0.995   1    1.169
      156  0.000   0.995   1    1.150
      157  0.000   0.995   1    1.119
      158  0.000   0.995   1    1.083
      159  0.000   0.995   1    1.057
      160  0.000   0.994   1    1.046
      161  0.000   0.994   1    1.033
      162  0.000   0.993   1    1.032
      163  0.000   0.993   1    1.030
      164  0.000   0.993   1    1.024
      165  0.000   0.993   1    1.007
      166  0.000   0.991   1    0.985
      167  0.000   0.988   1    0.954
      168  0.000   0.986   1    0.942
      169  0.000   0.984   1    0.920
      170  0.000   0.984   1    0.894
      171  0.000   0.983   1    0.846
      172  0.000   0.982   1    0.812
      173  0.000   0.982   1    0.785
      174  0.000   0.982   1    0.773
      175  0.000   0.982   1    0.766
      176  0.000   0.982   1    0.741
      177  0.000   0.982   1    0.707
      178  0.000   0.982   1    0.661
      179  0.000   0.981   1    0.626
      180  0.000   0.974   1    0.602
      181  0.000   0.972   1    0.574
      182  0.000   0.972   1    0.544
      183  0.000   0.972   1    0.510
      184  0.000   0.972   1    0.486
      185  0.000   0.695   1    0.441
      186  0.001   0.610   1    0.399
      187  0.002   0.598   1    0.377
      188  0.000   0.596   1    0.357
      189  0.000   0.554   1    0.331
      190  0.000   0.511   1    0.276
      191  0.000   0.510   1    0.221
      192  0.000   0.510   1    0.171
      193  0.000   0.510   1    0.128
      194  0.000   0.509   1    0.095
      195  0.000   0.509   1    0.072
      196  0.000   0.509   1    0.069
      197  0.001   0.510   1    0.070
      198  0.001   0.481   1    0.063
      199  0.000   0.481   1    0.035
      200  0.000   0.481   1    0.005
      201  0.000   0.480   1   -0.026
      202  0.000   0.477   1   -0.038
      203  0.000   0.451   1   -0.056
      204  0.000   0.442   1   -0.079
      205  0.000   0.442   1   -0.102
      206  0.000   0.442   1   -0.116
      207  0.000   0.442   1   -0.142
      208  0.000   0.442   1   -0.160
      209  0.000   0.442   1   -0.188
      210  0.000   0.441   1   -0.210
      211  0.000   0.441   1   -0.214
      212  0.000   0.441   1   -0.221
      213  0.000   0.441   1   -0.220
      214  0.000   0.441   1   -0.216
      215  0.000   0.440   1   -0.215
      216  0.000   0.440   1   -0.210
      217  0.000   0.438   1   -0.234
      218  0.000   0.437   1   -0.279
      219  0.000   0.437   1   -0.318
      220  0.000   0.437   1   -0.338
      221  0.000   0.437   1   -0.341
      222  0.000   0.437   1   -0.343
      223  0.000   0.437   1   -0.346
      224  0.000   0.435   1   -0.361
      225  0.000   0.435   1   -0.369
      226  0.000   0.435   1   -0.379
      227  0.000   0.434   1   -0.391
      228  0.000   0.434   1   -0.403
      229  0.000   0.430   1   -0.413
      230  0.000   0.430   1   -0.427
      231  0.000   0.400   1   -0.434
      232  0.000   0.396   1   -0.420
      233  0.000   0.396   1   -0.396
      234  0.000   0.395   1   -0.388
      235  0.000   0.395   1   -0.386
      236  0.000   0.393   1   -0.387
      237  0.000   0.115   0   -0.395
      238  0.000   0.035   0   -0.406
      239  0.000   0.007   0   -0.422
      240  0.000   0.006   0   -0.429
      241  0.000   0.006   0   -0.418
      242  0.000   0.006   0   -0.424
      243  0.000   0.006   0   -0.426
      244  0.000   0.006   0   -0.428
      245  0.000   0.006   0   -0.420
      246  0.000   0.006   0   -0.434
      247  0.000   0.006   0   -0.460
      248  0.000   0.006   0   -0.485
      249  0.000   0.006   0   -0.499
      250  0.000   0.006   0   -0.514
      251  0.000   0.006   0   -0.542
      252  0.000   0.006   0   -0.584
      253  0.000   0.006   0   -0.613
      254  0.000   0.006   0   -0.632
      255  0.000   0.006   0   -0.656
      256  0.000   0.006   0   -0.698
      257  0.000   0.006   0   -0.752
      258  0.000   0.006   0   -0.803
      259  0.000   0.006   0   -0.839
      260  0.000   0.006   0   -0.873
      261  0.000   0.006   0   -0.907
      262  0.000   0.006   0   -0.931
      263  0.000   0.006   0   -0.959
      264  0.000   0.006   0   -0.987
      265  0.000   0.006   0   -1.025
      266  0.000   0.006   0   -1.081
      267  0.000   0.006   0   -1.138
      268  0.000   0.006   0   -1.192
      269  0.000   0.006   0   -1.259
      270  0.000   0.006   0   -1.324
      271  0.000   0.007   0   -1.364
      272  0.000   0.007   0   -1.374
      273  0.000   0.007   0   -1.361
      274  0.000   0.007   0   -1.355
      275  0.000   0.007   0   -1.357
      276  0.000   0.007   0   -1.366
      277  0.000   0.007   0   -1.381
      278  0.000   0.007   0   -1.415
      279  0.000   0.007   0   -1.425
      280  0.003   0.010   0   -1.440
      281  0.001   0.011   0   -1.444
      282  0.000   0.011   0   -1.438
      283  0.000   0.011   0   -1.447
      284  0.000   0.011   0   -1.444
      285  0.000   0.011   0   -1.440
      286  0.000   0.011   0   -1.441
      287  0.000   0.011   0   -1.467
      288  0.010   0.021   0   -1.491
      289  0.003   0.024   0   -1.497
      290  0.003   0.028   0   -1.507
      291  0.001   0.029   0   -1.528
      292  0.003   0.032   0   -1.539
      293  0.003   0.035   0   -1.547
      294  0.000   0.035   0   -1.562
      295  0.001   0.036   0   -1.561
      296  0.018   0.054   0   -1.571
      297  0.001   0.055   0   -1.582
      298  0.000   0.055   0   -1.598
      299  0.000   0.055   0   -1.614
      300  0.000   0.055   0   -1.607
      301  0.000   0.055   0   -1.582
      302  0.000   0.055   0   -1.536
      303  0.000   0.055   0   -1.490
      304  0.000   0.055   0   -1.465
      305  0.000   0.055   0   -1.450
      306  0.000   0.055   0   -1.419
      307  0.000   0.055   0   -1.372
      308  0.000   0.055   0   -1.324
      309  0.000   0.055   0   -1.276
      310  0.000   0.055   0   -1.230
      311  0.000   0.055   0   -1.168
      312  0.000   0.055   0   -1.106
      313  0.000   0.055   0   -1.045
      314  0.000   0.055   0   -0.999
      315  0.000   0.055   0   -0.944
      316  0.000   0.055   0   -0.900
      317  0.000   0.054   0   -0.865
      318  0.000   0.054   0   -0.835
      319  0.000   0.054   0   -0.801
      320  0.000   0.054   0   -0.760
      321  0.000   0.054   0   -0.714
      322  0.000   0.054   0   -0.668
      323  0.000   0.054   0   -0.631
      324  0.000   0.054   0   -0.569
      325  0.000   0.054   0   -0.495
      326  0.000   0.054   0   -0.433
      327  0.000   0.054   0   -0.383
      328  0.000   0.054   0   -0.347
      329  0.000   0.054   0   -0.334
      330  0.000   0.054   0   -0.318
      331  0.000   0.054   0   -0.301
      332  0.000   0.054   0   -0.269
      333  0.000   0.053   0   -0.223
      334  0.000   0.051   0   -0.168
      335  0.000   0.051   0   -0.116
      336  0.000   0.051   0   -0.058
      337  0.000   0.051   0   -0.018
      338  0.000   0.051   0    0.035
      339  0.000   0.051   0    0.074
      340  0.000   0.051   0    0.103
      341  0.000   0.051   0    0.135
      342  0.000   0.051   0    0.182
      343  0.000   0.050   0    0.220
      344  0.000   0.050   0    0.241
      345  0.000   0.049   0    0.262
      346  0.000   0.049   0    0.292
      347  0.000   0.049   0    0.312
      348  0.002   0.051   0    0.324
      349  0.003   0.054   0    0.336
      350  0.000   0.054   0    0.333
      351  0.000   0.054   0    0.319
      352  0.000   0.054   0    0.313
      353  0.001   0.055   0    0.313
      354  0.002   0.058   0    0.321
      355  0.034   0.092   0    0.302
      356  0.093   0.185   0    0.280
      357  0.078   0.263   0    0.257
      358  0.139   0.402   0    0.239
      359  0.022   0.424   0    0.222
      360  0.172   0.596   0    0.202
      361  0.014   0.610   0    0.163
      362  0.005   0.615   0    0.108
      363  0.086   0.701   0    0.044
      364  0.248   0.949   1   -0.015
      365  0.007   0.956   1   -0.044
      366  0.000   0.956   1   -0.060
      367  0.000   0.956   1   -0.063
      368  0.000   0.956   1   -0.067
      369  0.002   0.959   1   -0.068
      370  0.003   0.962   1   -0.094
      371  0.001   0.963   1   -0.125
      372  0.004   0.967   1   -0.141
      373  0.000   0.967   1   -0.157
      374  0.000   0.967   1   -0.168
      375  0.000   0.967   1   -0.188
      376  0.000   0.968   1   -0.209
      377  0.000   0.968   1   -0.234
      378  0.000   0.968   1   -0.252
      379  0.000   0.968   1   -0.269
      380  0.000   0.968   1   -0.294
      381  0.001   0.968   1   -0.316
      382  0.002   0.971   1   -0.344
      383  0.001   0.972   1   -0.366
      384  0.000   0.972   1   -0.367
      385  0.000   0.972   1   -0.368
      386  0.005   0.977   1   -0.367
      387  0.011   0.988   1   -0.382
      388  0.000   0.988   1   -0.412
      389  0.000   0.988   1   -0.445
      390  0.000   0.988   1   -0.484
      391  0.000   0.988   1   -0.521
      392  0.003   0.991   1   -0.550
      393  0.003   0.994   1   -0.560
      394  0.000   0.994   1   -0.557
      395  0.000   0.994   1   -0.539
      396  0.000   0.994   1   -0.542
      397  0.000   0.994   1   -0.561
      398  0.000   0.994   1   -0.567
      399  0.000   0.994   1   -0.550
      400  0.000   0.994   1   -0.530
      401  0.000   0.994   1   -0.497
      402  0.000   0.994   1   -0.454
      403  0.000   0.994   1   -0.408
      404  0.000   0.994   1   -0.350
      405  0.000   0.994   1   -0.303
      406  0.000   0.994   1   -0.238
      407  0.000   0.994   1   -0.186
      408  0.000   0.994   1   -0.140
      409  0.000   0.994   1   -0.090
      410  0.000   0.994   1   -0.024
      411  0.000   0.994   1    0.026
      412  0.000   0.994   1    0.061
      413  0.000   0.994   1    0.084
      414  0.000   0.994   1    0.116
      415  0.000   0.994   1    0.172
      416  0.000   0.994   1    0.233
      417  0.000   0.993   1    0.300
      418  0.000   0.993   1    0.376
      419  0.000   0.993   1    0.442
      420  0.000   0.993   1    0.486
      421  0.000   0.993   1    0.514
      422  0.000   0.993   1    0.536
      423  0.000   0.993   1    0.546
      424  0.000   0.993   1    0.555
      425  0.000   0.993   1    0.573
      426  0.000   0.993   1    0.600
      427  0.000   0.990   1    0.629
      428  0.000   0.989   1    0.670
      429  0.000   0.989   1    0.702
      430  0.000   0.989   1    0.726
      431  0.000   0.989   1    0.767
      432  0.000   0.989   1    0.830
      433  0.000   0.989   1    0.900
      434  0.000   0.989   1    0.921
      435  0.000   0.978   1    0.945
      436  0.000   0.976   1    0.950
      437  0.000   0.972   1    0.971
      438  0.000   0.971   1    1.003
      439  0.000   0.968   1    1.036
      440  0.000   0.965   1    1.051
      441  0.000   0.965   1    1.054
      442  0.000   0.964   1    1.060
      443  0.000   0.946   1    1.082
      444  0.000   0.945   1    1.087
      445  0.000   0.945   1    1.103
      446  0.000   0.945   1    1.109
      447  0.000   0.945   1    1.107
      448  0.000   0.945   1    1.072
      449  0.000   0.945   1    1.030
      450  0.000   0.945   1    0.991
      451  0.000   0.945   1    0.968
      452  0.000   0.945   1    0.951
      453  0.000   0.945   1    0.911
      454  0.000   0.945   1    0.876
      455  0.000   0.945   1    0.841
      456  0.000   0.945   1    0.800
      457  0.000   0.945   1    0.760
      458  0.000   0.946   1    0.714
      459  0.000   0.946   1    0.669
      460  0.000   0.946   1    0.614
      461  0.000   0.946   1    0.543
      462  0.000   0.946   1    0.490
      463  0.000   0.946   1    0.448
      464  0.000   0.946   1    0.396
      465  0.000   0.946   1    0.344
      466  0.000   0.946   1    0.291
      467  0.000   0.946   1    0.238
      468  0.000   0.947   1    0.193
      469  0.000   0.947   1    0.161
      470  0.000   0.947   1    0.112
      471  0.000   0.947   1    0.073
      472  0.000   0.947   1    0.026
      473  0.001   0.948   1   -0.044
      474  0.000   0.948   1   -0.109
      475  0.000   0.948   1   -0.165
      476  0.000   0.948   1   -0.208
      477  0.000   0.948   1   -0.262
      478  0.000   0.948   1   -0.306
      479  0.000   0.948   1   -0.349
      480  0.000   0.948   1   -0.391
      481  0.000   0.948   1   -0.440
      482  0.000   0.948   1   -0.490
      483  0.000   0.948   1   -0.541
      484  0.000   0.948   1   -0.583
      485  0.000   0.948   1   -0.611
      486  0.000   0.948   1   -0.664
      487  0.000   0.948   1   -0.734
      488  0.000   0.948   1   -0.809
      489  0.000   0.948   1   -0.849
      490  0.000   0.948   1   -0.885
      491  0.000   0.948   1   -0.909
      492  0.000   0.948   1   -0.937
      493  0.000   0.948   1   -0.972
      494  0.000   0.948   1   -1.015
      495  0.000   0.946   1   -1.056
      496  0.000   0.943   1   -1.097
      497  0.000   0.943   1   -1.124
      498  0.000   0.943   1   -1.140
      499  0.000   0.943   1   -1.144
      500  0.000   0.942   1   -1.152
      501  0.000   0.939   1   -1.156
      502  0.000   0.905   1   -1.168
      503  0.000   0.812   1   -1.148
      504  0.000   0.735   1   -1.133
      505  0.000   0.595   1   -1.131
      506  0.000   0.573   1   -1.153
      507  0.000   0.401   1   -1.173
      508  0.000   0.387   1   -1.168
      509  0.000   0.382   1   -1.160
      510  0.000   0.296   1   -1.146
      511  0.000   0.049   0   -1.133
      512  0.000   0.042   0   -1.119
      513  0.000   0.041   0   -1.109
      514  0.000   0.041   0   -1.101
      515  0.000   0.041   0   -1.075
      516  0.000   0.039   0   -1.051
      517  0.000   0.036   0   -1.033
      518  0.000   0.035   0   -1.013
      519  0.000   0.031   0   -0.990
      520  0.000   0.031   0   -0.982
      521  0.000   0.031   0   -0.957
      522  0.000   0.031   0   -0.937
      523  0.000   0.030   0   -0.929
      524  0.000   0.030   0   -0.935
      525  0.000   0.030   0   -0.935
      526  0.000   0.030   0   -0.936
      527  0.000   0.030   0   -0.931
      528  0.000   0.030   0   -0.908
      529  0.000   0.027   0   -0.879
      530  0.000   0.026   0   -0.864
      531  0.000   0.026   0   -0.863
      532  0.000   0.026   0   -0.850
      533  0.000   0.021   0   -0.830
      534  0.000   0.010   0   -0.808
      535  0.000   0.010   0   -0.790
      536  0.000   0.010   0   -0.765
      537  0.000   0.010   0   -0.745
      538  0.000   0.010   0   -0.736
      539  0.000   0.007   0   -0.736
      540  0.000   0.004   0   -0.731
      541  0.000   0.004   0   -0.711
      542  0.000   0.004   0   -0.677
      543  0.000   0.004   0   -0.647
      544  0.000   0.004   0   -0.626
      545  0.000   0.004   0   -0.635
      546  0.000   0.004   0   -0.649
      547  0.000   0.004   0   -0.671
      548  0.000   0.004   0   -0.701
      549  0.000   0.004   0   -0.727
      550  0.000   0.004   0   -0.735
      551  0.000   0.004   0   -0.735
      552  0.000   0.004   0   -0.733
      553  0.000   0.004   0   -0.734
      554  0.000   0.004   0   -0.744
      555  0.000   0.004   0   -0.758
      556  0.000   0.004   0   -0.777
      557  0.000   0.004   0   -0.790
      558  0.000   0.004   0   -0.818
      559  0.000   0.004   0   -0.844
      560  0.000   0.004   0   -0.854
      561  0.000   0.004   0   -0.834
      562  0.000   0.004   0   -0.808
      563  0.000   0.004   0   -0.798
      564  0.000   0.004   0   -0.817
      565  0.000   0.004   0   -0.848
      566  0.000   0.004   0   -0.892
      567  0.000   0.004   0   -0.945
      568  0.000   0.004   0   -0.979
      569  0.000   0.004   0   -1.020
      570  0.000   0.004   0   -1.060
      571  0.000   0.004   0   -1.087
      572  0.000   0.004   0   -1.116
      573  0.000   0.004   0   -1.157
      574  0.000   0.004   0   -1.210
      575  0.000   0.004   0   -1.254
      576  0.000   0.004   0   -1.306
      577  0.000   0.004   0   -1.345
      578  0.000   0.004   0   -1.384
      579  0.000   0.004   0   -1.418
      580  0.000   0.005   0   -1.430
      581  0.000   0.005   0   -1.446
      582  0.000   0.005   0   -1.452
      583  0.000   0.005   0   -1.482
      584  0.000   0.005   0   -1.513
      585  0.000   0.005   0   -1.549
      586  0.000   0.005   0   -1.580
      587  0.000   0.005   0   -1.616
      588  0.000   0.005   0   -1.627
      589  0.000   0.005   0   -1.642
      590  0.000   0.005   0   -1.652
      591  0.000   0.005   0   -1.670
      592  0.000   0.005   0   -1.682
      593  0.000   0.005   0   -1.681
      594  0.000   0.005   0   -1.677
      595  0.000   0.005   0   -1.681
      596  0.000   0.005   0   -1.676
      597  0.000   0.005   0   -1.682
      598  0.000   0.005   0   -1.682
      599  0.000   0.005   0   -1.692
      600  0.000   0.005   0   -1.704
      601  0.000   0.004   0   -1.703
      602  0.000   0.004   0   -1.691
      603  0.000   0.004   0   -1.665
      604  0.000   0.004   0   -1.632
      605  0.000   0.004   0   -1.603
      606  0.000   0.004   0   -1.573
      607  0.000   0.004   0   -1.562
      608  0.000   0.004   0   -1.580
      609  0.000   0.004   0   -1.604
      610  0.000   0.004   0   -1.615
      611  0.000   0.004   0   -1.616
      612  0.000   0.004   0   -1.600
      613  0.000   0.003   0   -1.584
      614  0.000   0.003   0   -1.571
      615  0.000   0.004   0   -1.583
      616  0.000   0.003   0   -1.597
      617  0.000   0.003   0   -1.614
      618  0.000   0.003   0   -1.632
      619  0.000   0.003   0   -1.642
      620  0.000   0.002   0   -1.658
      621  0.000   0.002   0   -1.654
      622  0.000   0.002   0   -1.635
      623  0.000   0.002   0   -1.609
      624  0.000   0.002   0   -1.583
      625  0.000   0.002   0   -1.562
      626  0.000   0.002   0   -1.546
      627  0.000   0.002   0   -1.529
      628  0.000   0.002   0   -1.520
      629  0.000   0.002   0   -1.509
      630  0.000   0.002   0   -1.501
      631  0.000   0.002   0   -1.492
      632  0.000   0.002   0   -1.470
      633  0.000   0.002   0   -1.437
      634  0.000   0.002   0   -1.405
      635  0.000   0.002   0   -1.386
      636  0.000   0.002   0   -1.392
      637  0.000   0.002   0   -1.399
      638  0.000   0.002   0   -1.375
      639  0.000   0.002   0   -1.355
      640  0.000   0.002   0   -1.326
      641  0.000   0.002   0   -1.298
      642  0.000   0.002   0   -1.269
      643  0.000   0.002   0   -1.258
      644  0.000   0.002   0   -1.252
      645  0.000   0.002   0   -1.241
      646  0.000   0.002   0   -1.238
      647  0.000   0.002   0   -1.257
      648  0.000   0.002   0   -1.294
      649  0.000   0.002   0   -1.324
      650  0.000   0.002   0   -1.342
      651  0.000   0.002   0   -1.364
      652  0.000   0.002   0   -1.373
      653  0.000   0.002   0   -1.391
      654  0.000   0.002   0   -1.405
      655  0.000   0.002   0   -1.389
      656  0.000   0.002   0   -1.376
      657  0.000   0.002   0   -1.361
      658  0.000   0.002   0   -1.376
      659  0.000   0.002   0   -1.389
      660  0.000   0.002   0   -1.385
      661  0.000   0.002   0   -1.373
      662  0.000   0.002   0   -1.368
      663  0.000   0.001   0   -1.362
      664  0.000   0.001   0   -1.346
      665  0.000   0.001   0   -1.327
      666  0.000   0.001   0   -1.319
      667  0.000   0.002   0   -1.317
      668  0.001   0.003   0   -1.308
      669  0.002   0.005   0   -1.308
      670  0.030   0.035   0   -1.316
      671  0.001   0.036   0   -1.331
      672  0.000   0.036   0   -1.342
      673  0.000   0.036   0   -1.339
      674  0.000   0.036   0   -1.315
      675  0.000   0.036   0   -1.281
      676  0.000   0.036   0   -1.256
      677  0.000   0.036   0   -1.239
      678  0.002   0.038   0   -1.247
      679  0.003   0.040   0   -1.252
      680  0.001   0.041   0   -1.264
      681  0.006   0.047   0   -1.268
      682  0.001   0.048   0   -1.270
      683  0.070   0.118   0   -1.265
      684  0.021   0.139   0   -1.244
      685  0.002   0.142   0   -1.214
      686  0.000   0.142   0   -1.185
      687  0.000   0.142   0   -1.177
      688  0.000   0.142   0   -1.181
      689  0.000   0.142   0   -1.184
      690  0.001   0.143   0   -1.205
      691  0.017   0.160   0   -1.193
      692  0.032   0.192   0   -1.187
      693  0.004   0.196   0   -1.179
      694  0.000   0.196   0   -1.165
      695  0.000   0.196   0   -1.147
      696  0.000   0.196   0   -1.128
      697  0.000   0.196   0   -1.107
      698  0.000   0.196   0   -1.094
      699  0.000   0.196   0   -1.080
      700  0.000   0.196   0   -1.070
      701  0.000   0.196   0   -1.046
      702  0.000   0.196   0   -0.997
      703  0.000   0.196   0   -0.948
      704  0.000   0.196   0   -0.904
      705  0.000   0.196   0   -0.862
      706  0.000   0.196   0   -0.829
      707  0.000   0.196   0   -0.823
      708  0.001   0.197   0   -0.807
      709  0.040   0.237   0   -0.773
      710  0.005   0.242   0   -0.754
      711  0.007   0.249   0   -0.724
      712  0.000   0.249   0   -0.708
      713  0.007   0.256   0   -0.662
      714  0.002   0.258   0   -0.621
      715  0.004   0.262   0   -0.597
      716  0.002   0.264   0   -0.571
      717  0.003   0.267   0   -0.542
      718  0.000   0.268   0   -0.512
      719  0.000   0.268   0   -0.490
      720  0.000   0.268   0   -0.473
      721  0.002   0.270   0   -0.443
      722  0.002   0.272   0   -0.414
      723  0.000   0.272   0   -0.405
      724  0.000   0.272   0   -0.368
      725  0.000   0.272   0   -0.306
      726  0.000   0.272   0   -0.250
      727  0.000   0.272   0   -0.191
      728  0.001   0.273   0   -0.152
      729  0.001   0.274   0   -0.114
      730  0.112   0.386   0   -0.075
      731  0.187   0.573   1   -0.049
      732  0.106   0.678   1   -0.033
      733  0.094   0.772   1   -0.016
      734  0.001   0.774   1    0.006
      735  0.001   0.775   1    0.046
      736  0.001   0.776   1    0.094
      737  0.004   0.780   1    0.139
      738  0.000   0.780   1    0.185
      739  0.001   0.781   1    0.221
      740  0.003   0.784   1    0.231
      741  0.014   0.797   1    0.238
      742  0.001   0.798   1    0.239
      743  0.001   0.799   1    0.253
      744  0.000   0.800   1    0.251
      745  0.000   0.800   1    0.261
      746  0.000   0.800   1    0.256
      747  0.007   0.807   1    0.280
      748  0.010   0.817   1    0.296
      749  0.003   0.820   1    0.307
      750  0.000   0.820   1    0.314
      751  0.000   0.820   1    0.313
      752  0.000   0.821   1    0.307
      753  0.001   0.821   1    0.304
      754  0.008   0.829   1    0.338
      755  0.001   0.830   1    0.384
      756  0.000   0.830   1    0.422
      757  0.000   0.831   1    0.443
      758  0.000   0.831   1    0.463
      759  0.000   0.831   1    0.495
      760  0.000   0.831   1    0.513
      761  0.031   0.862   1    0.535
      762  0.018   0.880   1    0.573
      763  0.010   0.890   1    0.608
      764  0.000   0.891   1    0.627
      765  0.000   0.891   1    0.643
      766  0.000   0.891   1    0.642
      767  0.000   0.891   1    0.654
      768  0.000   0.891   1    0.657
      769  0.000   0.891   1    0.654
      770  0.000   0.891   1    0.637
      771  0.000   0.891   1    0.598
      772  0.000   0.891   1    0.585
      773  0.001   0.892   1    0.582
      774  0.003   0.895   1    0.595
      775  0.001   0.896   1    0.610
      776  0.006   0.902   1    0.636
      777  0.000   0.902   1    0.659
      778  0.004   0.905   1    0.684
      779  0.000   0.905   1    0.690
      780  0.000   0.905   1    0.679
      781  0.000   0.906   1    0.672
      782  0.000   0.906   1    0.661
      783  0.000   0.906   1    0.666
      784  0.000   0.906   1    0.643
      785  0.001   0.907   1    0.629
      786  0.006   0.912   1    0.626
      787  0.008   0.921   1    0.646
      788  0.000   0.921   1    0.662
      789  0.001   0.922   1    0.671
      790  0.000   0.922   1    0.666
      791  0.000   0.922   1    0.650
      792  0.000   0.922   1    0.634
      793  0.000   0.922   1    0.634
      794  0.000   0.922   1    0.638
      795  0.045   0.967   1    0.656
      796  0.010   0.977   1    0.674
      797  0.000   0.977   1    0.703
      798  0.000   0.977   1    0.731
      799  0.000   0.977   1    0.778
      800  0.000   0.977   1    0.828
      801  0.000   0.977   1    0.870
      802  0.000   0.977   1    0.883
      803  0.000   0.977   1    0.895
      804  0.000   0.977   1    0.902
      805  0.000   0.977   1    0.912
      806  0.000   0.977   1    0.935
      807  0.000   0.977   1    0.979
      808  0.000   0.977   1    1.013
      809  0.000   0.977   1    1.014
      810  0.000   0.977   1    0.992
      811  0.000   0.977   1    0.979
      812  0.000   0.977   1    0.960
      813  0.000   0.977   1    0.942
      814  0.000   0.977   1    0.911
      815  0.000   0.976   1    0.890
      816  0.000   0.974   1    0.863
      817  0.000   0.944   1    0.842
      818  0.000   0.943   1    0.832
      819  0.000   0.943   1    0.832
      820  0.000   0.943   1    0.844
      821  0.000   0.943   1    0.851
      822  0.000   0.943   1    0.856
      823  0.000   0.943   1    0.851
      824  0.000   0.943   1    0.860
      825  0.000   0.941   1    0.851
      826  0.000   0.938   1    0.852
      827  0.000   0.937   1    0.850
      828  0.000   0.931   1    0.848
      829  0.000   0.930   1    0.847
      830  0.000   0.860   1    0.824
      831  0.000   0.839   1    0.807
      832  0.000   0.837   1    0.792
      833  0.000   0.837   1    0.784
      834  0.000   0.837   1    0.766
      835  0.000   0.837   1    0.763
      836  0.000   0.837   1    0.751
      837  0.000   0.836   1    0.738
      838  0.000   0.819   1    0.716
      839  0.000   0.787   1    0.710
      840  0.000   0.783   1    0.704
      841  0.000   0.783   1    0.712
      842  0.000   0.783   1    0.706
      843  0.000   0.783   1    0.696
      844  0.000   0.783   1    0.694
      845  0.000   0.783   1    0.703
      846  0.000   0.783   1    0.705
      847  0.000   0.783   1    0.702
      848  0.000   0.783   1    0.670
      849  0.000   0.783   1    0.623
      850  0.000   0.783   1    0.587
      851  0.000   0.783   1    0.543
      852  0.000   0.783   1    0.520
      853  0.000   0.783   1    0.505
      854  0.000   0.783   1    0.479
      855  0.000   0.782   1    0.449
      856  0.000   0.741   1    0.423
      857  0.000   0.737   1    0.400
      858  0.000   0.730   1    0.373
      859  0.000   0.729   1    0.359
      860  0.000   0.722   1    0.352
      861  0.000   0.720   1    0.341
      862  0.000   0.716   1    0.303
      863  0.000   0.714   1    0.273
      864  0.000   0.711   1    0.252
      865  0.000   0.710   1    0.245
      866  0.000   0.710   1    0.240
      867  0.000   0.710   1    0.224
      868  0.000   0.709   1    0.226
      869  0.000   0.707   1    0.224
      870  0.000   0.706   1    0.221
      871  0.000   0.706   1    0.224
      872  0.000   0.706   1    0.231
      873  0.000   0.706   1    0.220
      874  0.000   0.706   1    0.199
      875  0.000   0.705   1    0.172
      876  0.000   0.704   1    0.141
      877  0.000   0.592   1    0.109
      878  0.000   0.405   0    0.086
      879  0.000   0.300   0    0.048
      880  0.000   0.206   0    0.044
      881  0.000   0.204   0    0.038
      882  0.000   0.203   0    0.030
      883  0.000   0.202   0    0.025
      884  0.000   0.198   0    0.023
      885  0.000   0.198   0    0.031
      886  0.000   0.197   0    0.012
      887  0.000   0.194   0   -0.011
      888  0.000   0.181   0   -0.034
      889  0.000   0.180   0   -0.037
      890  0.000   0.179   0   -0.046
      891  0.000   0.178   0   -0.045
      892  0.000   0.178   0   -0.041
      893  0.000   0.178   0   -0.030
      894  0.000   0.171   0   -0.014
      895  0.000   0.161   0   -0.011
      896  0.000   0.158   0   -0.023
      897  0.000   0.158   0   -0.024
      898  0.000   0.158   0   -0.025
      899  0.000   0.158   0   -0.030
      900  0.000   0.157   0   -0.054
      901  0.000   0.149   0   -0.064
      902  0.000   0.148   0   -0.071
      903  0.000   0.148   0   -0.055
      904  0.000   0.147   0   -0.031
      905  0.000   0.147   0   -0.015
      906  0.000   0.147   0    0.015
      907  0.000   0.147   0    0.017
      908  0.000   0.116   0    0.008
      909  0.000   0.098   0    0.025
      910  0.000   0.088   0    0.032
      911  0.000   0.087   0    0.048
      912  0.000   0.087   0    0.058
      913  0.000   0.087   0    0.075
      914  0.000   0.087   0    0.073
      915  0.000   0.087   0    0.069
      916  0.000   0.087   0    0.089
      917  0.000   0.087   0    0.123
      918  0.000   0.087   0    0.138
      919  0.004   0.091   0    0.141
      920  0.000   0.091   0    0.146
      921  0.000   0.088   0    0.148
      922  0.000   0.087   0    0.148
      923  0.000   0.081   0    0.149
      924  0.000   0.081   0    0.151
      925  0.000   0.077   0    0.159
      926  0.000   0.077   0    0.162
      927  0.000   0.077   0    0.150
      928  0.000   0.077   0    0.159
      929  0.000   0.077   0    0.177
      930  0.000   0.077   0    0.203
      931  0.002   0.079   0    0.213
      932  0.000   0.078   0    0.215
      933  0.001   0.073   0    0.228
      934  0.000   0.065   0    0.262
      935  0.000   0.065   0    0.283
      936  0.000   0.065   0    0.312
      937  0.000   0.065   0    0.337
      938  0.000   0.065   0    0.358
      939  0.000   0.065   0    0.373
      940  0.000   0.065   0    0.384
      941  0.000   0.065   0    0.408
      942  0.001   0.020   0    0.419
      943  0.002   0.013   0    0.440
      944  0.000   0.013   0    0.439
      945  0.003   0.016   0    0.439
      946  0.000   0.016   0    0.449
      947  0.001   0.017   0    0.461
      948  0.009   0.026   0    0.439
      949  0.003   0.029   0    0.433
      950  0.000   0.030   0    0.432
      951  0.000   0.030   0    0.445
      952  0.000   0.030   0    0.445
      953  0.002   0.031   0    0.461
      954  0.007   0.038   0    0.478
      955  0.310   0.348   1    0.504
      956  0.271   0.619   1    0.526
      957  0.136   0.756   1    0.550
      958  0.029   0.784   1    0.575
      959  0.001   0.785   1    0.593
      960  0.007   0.792   1    0.612
      961  0.024   0.817   1    0.624
      962  0.011   0.828   1    0.651
      963  0.005   0.832   1    0.693
      964  0.017   0.849   1    0.718
      965  0.014   0.863   1    0.761
      966  0.137   1.000   1    0.784
      967  0.000   1.000   1    0.810
      968  0.000   1.000   1    0.820
      969  0.000   1.000   1    0.858
      970  0.000   1.000   1    0.880
      971  0.000   1.000   1    0.873
      972  0.000   1.000   1    0.851
      973  0.000   1.000   1    0.856
      974  0.000   1.000   1    0.875
      975  0.000   1.000   1    0.897
      976  0.000   1.000   1    0.918
      977  0.000   1.000   1    0.970
      978  0.000   1.000   1    1.004
      979  0.000   1.000   1    1.045
      980  0.000   1.000   1    1.074
      981  0.000   1.000   1    1.106
      982  0.000   1.000   1    1.140
      983  0.000   1.000   1    1.171
      984  0.000   1.000   1    1.185
      985  0.000   1.000   1    1.200
      986  0.000   1.000   1    1.229
      987  0.000   1.000   1    1.273
      988  0.000   1.000   1    1.308
      989  0.000   1.000   1    1.331
      990  0.000   1.000   1    1.354
      991  0.000   1.000   1    1.385
      992  0.000   1.000   1    1.400
      993  0.000   1.000   1    1.425
      994  0.000   1.000   1    1.449
      995  0.000   1.000   1    1.474
      996  0.000   1.000   1    1.486
      997  0.000   1.000   1    1.503
      998  0.000   1.000   1    1.514
      999  0.000   1.000   1    1.547
     1000  0.000   1.000   1    1.590
     1001  0.000   1.000   1    1.638
     1002  0.000   1.000   1    1.679
     1003  0.000   1.000   1    1.747
     1004  0.000   1.000   1    1.785
     1005  0.000   1.000   1    1.817
     1006  0.000   1.000   1    1.842
     1007  0.000   1.000   1    1.876
     1008  0.000   1.000   1    1.905
     1009  0.000   1.000   1    1.929
     1010  0.000   1.000   1    1.958
     1011  0.000   1.000   1    1.984
     1012  0.000   1.000   1    2.013
     1013  0.000   1.000   1    2.045
     1014  0.000   1.000   1    2.060
     1015  0.000   1.000   1    2.078
     1016  0.000   1.000   1    2.107
     1017  0.000   1.000   1    2.133
     1018  0.000   1.000   1    2.140
     1019  0.000   1.000   1    2.143
     1020  0.000   1.000   1    2.134
     1021  0.000   1.000   1    2.149
     1022  0.000   1.000   1    2.164
     1023  0.000   1.000   1    2.199
     1024  0.000   1.000   1    2.214
     1025  0.000   1.000   1    2.245
     1026  0.000   1.000   1    2.283
     1027  0.000   1.000   1    2.329
     1028  0.000   1.000   1    2.363
     1029  0.000   1.000   1    2.383
     1030  0.000   1.000   1    2.395
     1031  0.000   1.000   1    2.413
     1032  0.000   1.000   1    2.413
     1033  0.000   1.000   1    2.427
     1034  0.000   1.000   1    2.437
     1035  0.000   1.000   1    2.452
     1036  0.000   1.000   1    2.467
     1037  0.000   1.000   1    2.491
     1038  0.000   1.000   1    2.500
     1039  0.000   1.000   1    2.536
     1040  0.000   1.000   1    2.557
     1041  0.000   1.000   1    NA
     1042  0.000   1.000   1    NA
     1043  0.000   1.000   1    NA
     1044  0.000   1.000   1    NA
     1045  0.000   1.000   1    NA
     1046  0.000   1.000   1    NA
     1047  0.000   1.000   1    NA
     1048  0.000   1.000   1    NA
     1049  0.000   1.000   1    NA
     1050  0.000   1.000   1    NA
     1051  0.000   1.000   1    NA
     1052  0.000   1.000   1    NA
     1053  0.000   1.000   1    NA
     1054  0.000   1.000   1    NA
     1055  0.000   1.000   1    NA
     1056  0.000   1.000   1    NA
     1057  0.000   1.000   1    NA
     1058  0.000   1.000   1    NA
     1059  0.000   1.000   1    NA
     1060  0.000   1.000   1    NA
     1061  0.000   1.000   1    NA
     1062  0.000   1.000   1    NA
     1063  0.000   1.000   1    NA
     1064  0.000   1.000   1    NA
     1065  0.000   0.999   1    NA
     1066  0.000   0.995   1    NA
     1067  0.000   0.995   1    NA
     1068  0.000   0.995   1    NA
     1069  0.000   0.995   1    NA
     1070  0.000   0.995   1    NA
     1071  0.000   0.995   1    NA
     1072  0.000   0.995   1    NA
     1073  0.000   0.995   1    NA
     1074  0.000   0.995   1    NA
     1075  0.000   0.995   1    NA
     1076  0.000   0.995   1    NA
     1077  0.000   0.995   1    NA
     1078  0.000   0.993   1    NA
     1079  0.000   0.992   1    NA
     1080  0.000   0.992   1    NA
     1081  0.000   0.992   1    NA
     1082  0.000   0.991   1    NA
     1083  0.000   0.991   1    NA
     1084  0.000   0.991   1    NA
     1085  0.000   0.991   1    NA
     1086  0.000   0.991   1    NA
     1087  0.000   0.991   1    NA
     1088  0.000   0.990   1    NA
     1089  0.000   0.990   1    NA
     1090  0.000   0.988   1    NA
     1091  0.000   0.988   1    NA
     1092  0.000   0.985   1    NA
     1093  0.000   0.984   1    NA
     1094  0.000   0.983   1    NA
     1095  0.000   0.974   1    NA
     1096  0.000   0.971   1    NA
     1097  0.000   0.971   1    NA
     1098  0.000   0.971   1    NA
     1099  0.000   0.970   1    NA
     1100  0.000   0.969   1    NA
     1101  0.000   0.962   1    NA
     1102  0.000   0.652   0    NA
     1103  0.000   0.381   0    NA
     1104  0.000   0.244   0    NA
     1105  0.000   0.216   0    NA
     1106  0.000   0.215   0    NA
     1107  0.000   0.208   0    NA
     1108  0.000   0.183   0    NA
     1109  0.000   0.172   0    NA
     1110  0.000   0.168   0    NA
     1111  0.000   0.151   0    NA
     1112  0.000   0.137   0    NA
     1113  0.000   0.000   0    NA
