 Position  P-start Occup  N/L  Affinity
        1  0.000   0.000   0    NA
        2  0.000   0.000   0    NA
        3  0.000   0.001   0    NA
        4  0.000   0.001   0    NA
        5  0.000   0.001   0    NA
        6  0.000   0.001   0    NA
        7  0.001   0.003   0    NA
        8  0.001   0.003   0    NA
        9  0.000   0.004   0    NA
       10  0.000   0.004   0    NA
       11  0.000   0.004   0    NA
       12  0.000   0.004   0    NA
       13  0.001   0.005   0    NA
       14  0.000   0.005   0    NA
       15  0.001   0.006   0    NA
       16  0.000   0.006   0    NA
       17  0.000   0.006   0    NA
       18  0.000   0.006   0    NA
       19  0.002   0.008   0    NA
       20  0.003   0.011   0    NA
       21  0.002   0.014   0    NA
       22  0.001   0.015   0    NA
       23  0.000   0.015   0    NA
       24  0.001   0.016   0    NA
       25  0.001   0.017   0    NA
       26  0.000   0.017   0    NA
       27  0.000   0.017   0    NA
       28  0.000   0.017   0    NA
       29  0.000   0.017   0    NA
       30  0.000   0.017   0    NA
       31  0.000   0.017   0    NA
       32  0.001   0.019   0    NA
       33  0.007   0.025   0    NA
       34  0.002   0.028   0    NA
       35  0.000   0.028   0    NA
       36  0.000   0.028   0    NA
       37  0.000   0.028   0    NA
       38  0.277   0.304   0    NA
       39  0.087   0.391   0    NA
       40  0.014   0.405   0    NA
       41  0.002   0.407   0    NA
       42  0.043   0.449   0    NA
       43  0.043   0.492   0    NA
       44  0.001   0.493   0    NA
       45  0.000   0.494   0    NA
       46  0.000   0.494   0    NA
       47  0.001   0.495   0    NA
       48  0.000   0.495   0    NA
       49  0.000   0.495   0    NA
       50  0.000   0.495   0    NA
       51  0.029   0.524   0    NA
       52  0.000   0.524   0    NA
       53  0.000   0.524   0    NA
       54  0.001   0.526   0    NA
       55  0.002   0.528   0    NA
       56  0.026   0.554   0    NA
       57  0.009   0.563   0    NA
       58  0.000   0.564   0    NA
       59  0.000   0.564   0    NA
       60  0.000   0.564   0    NA
       61  0.000   0.564   0    NA
       62  0.000   0.564   0    NA
       63  0.000   0.564   0    NA
       64  0.000   0.564   0    NA
       65  0.000   0.564   0    NA
       66  0.000   0.564   0    NA
       67  0.000   0.565   0    NA
       68  0.000   0.565   0    NA
       69  0.000   0.565   0    NA
       70  0.002   0.567   0    NA
       71  0.000   0.568   0    NA
       72  0.000   0.568   0    NA
       73  0.000   0.568   0    NA
       74  0.000   0.568   0    1.035
       75  0.000   0.568   0    1.019
       76  0.000   0.569   0    1.015
       77  0.001   0.570   0    0.984
       78  0.000   0.570   0    1.004
       79  0.000   0.570   0    1.026
       80  0.000   0.571   0    1.043
       81  0.000   0.571   0    1.035
       82  0.004   0.575   0    1.015
       83  0.000   0.575   0    1.015
       84  0.030   0.605   0    1.049
       85  0.004   0.609   0    1.076
       86  0.000   0.610   0    1.100
       87  0.000   0.610   0    1.110
       88  0.000   0.610   0    1.137
       89  0.002   0.612   0    1.162
       90  0.277   0.889   1    1.170
       91  0.080   0.970   1    1.172
       92  0.027   0.997   1    1.172
       93  0.001   0.998   1    1.177
       94  0.000   0.998   1    1.174
       95  0.000   0.998   1    1.172
       96  0.000   0.998   1    1.176
       97  0.000   0.998   1    1.191
       98  0.000   0.998   1    1.189
       99  0.000   0.998   1    1.178
      100  0.000   0.998   1    1.183
      101  0.000   0.998   1    1.193
      102  0.000   0.998   1    1.217
      103  0.000   0.999   1    1.232
      104  0.000   0.999   1    1.237
      105  0.000   0.999   1    1.235
      106  0.000   0.999   1    1.232
      107  0.000   0.999   1    1.214
      108  0.000   0.999   1    1.203
      109  0.000   0.999   1    1.199
      110  0.000   0.999   1    1.205
      111  0.000   0.999   1    1.222
      112  0.000   0.999   1    1.239
      113  0.000   0.999   1    1.240
      114  0.000   0.999   1    1.231
      115  0.000   0.999   1    1.234
      116  0.000   0.999   1    1.238
      117  0.000   0.999   1    1.250
      118  0.000   0.999   1    1.252
      119  0.000   0.999   1    1.241
      120  0.000   0.999   1    1.219
      121  0.000   0.999   1    1.212
      122  0.000   0.999   1    1.209
      123  0.000   0.999   1    1.211
      124  0.000   0.999   1    1.212
      125  0.000   0.999   1    1.205
      126  0.000   0.999   1    1.200
      127  0.000   0.999   1    1.209
      128  0.000   0.999   1    1.230
      129  0.000   0.999   1    1.244
      130  0.000   0.999   1    1.271
      131  0.000   0.999   1    1.284
      132  0.000   0.999   1    1.308
      133  0.000   0.999   1    1.297
      134  0.000   0.999   1    1.287
      135  0.000   0.999   1    1.291
      136  0.000   0.999   1    1.322
      137  0.000   0.999   1    1.357
      138  0.000   0.999   1    1.373
      139  0.000   0.999   1    1.355
      140  0.000   0.999   1    1.331
      141  0.000   0.999   1    1.298
      142  0.000   0.999   1    1.275
      143  0.000   0.999   1    1.237
      144  0.000   0.999   1    1.207
      145  0.000   0.999   1    1.194
      146  0.000   0.999   1    1.181
      147  0.000   0.999   1    1.166
      148  0.000   0.999   1    1.150
      149  0.000   0.999   1    1.142
      150  0.000   0.998   1    1.136
      151  0.000   0.998   1    1.121
      152  0.000   0.998   1    1.105
      153  0.000   0.997   1    1.101
      154  0.000   0.996   1    1.108
      155  0.000   0.995   1    1.103
      156  0.000   0.995   1    1.084
      157  0.000   0.995   1    1.054
      158  0.000   0.995   1    1.018
      159  0.000   0.995   1    0.992
      160  0.000   0.994   1    0.982
      161  0.000   0.994   1    0.969
      162  0.000   0.993   1    0.968
      163  0.000   0.993   1    0.965
      164  0.000   0.993   1    0.959
      165  0.000   0.993   1    0.943
      166  0.000   0.991   1    0.921
      167  0.000   0.988   1    0.891
      168  0.000   0.985   1    0.879
      169  0.000   0.984   1    0.857
      170  0.000   0.984   1    0.831
      171  0.000   0.983   1    0.784
      172  0.000   0.982   1    0.750
      173  0.000   0.982   1    0.723
      174  0.000   0.982   1    0.711
      175  0.000   0.982   1    0.704
      176  0.000   0.982   1    0.680
      177  0.000   0.982   1    0.646
      178  0.000   0.982   1    0.601
      179  0.000   0.981   1    0.566
      180  0.000   0.974   1    0.542
      181  0.000   0.972   1    0.515
      182  0.000   0.972   1    0.485
      183  0.000   0.972   1    0.451
      184  0.000   0.971   1    0.428
      185  0.000   0.695   1    0.383
      186  0.001   0.609   1    0.341
      187  0.002   0.597   1    0.319
      188  0.000   0.596   1    0.300
      189  0.000   0.553   1    0.274
      190  0.000   0.511   1    0.220
      191  0.000   0.510   1    0.166
      192  0.000   0.509   1    0.116
      193  0.000   0.509   1    0.073
      194  0.000   0.508   1    0.041
      195  0.000   0.508   1    0.018
      196  0.000   0.509   1    0.015
      197  0.001   0.509   1    0.016
      198  0.001   0.480   1    0.009
      199  0.000   0.480   1   -0.019
      200  0.000   0.480   1   -0.048
      201  0.000   0.479   1   -0.079
      202  0.000   0.477   1   -0.091
      203  0.000   0.451   1   -0.109
      204  0.000   0.441   1   -0.132
      205  0.000   0.441   1   -0.154
      206  0.000   0.441   1   -0.168
      207  0.000   0.441   1   -0.193
      208  0.000   0.441   1   -0.211
      209  0.000   0.441   1   -0.239
      210  0.000   0.441   1   -0.261
      211  0.000   0.441   1   -0.265
      212  0.000   0.441   1   -0.271
      213  0.000   0.440   1   -0.271
      214  0.000   0.440   1   -0.267
      215  0.000   0.440   1   -0.266
      216  0.000   0.439   1   -0.261
      217  0.000   0.437   1   -0.285
      218  0.000   0.437   1   -0.329
      219  0.000   0.437   1   -0.367
      220  0.000   0.437   1   -0.387
      221  0.000   0.437   1   -0.390
      222  0.000   0.436   1   -0.393
      223  0.000   0.436   1   -0.396
      224  0.000   0.435   1   -0.410
      225  0.000   0.434   1   -0.418
      226  0.000   0.434   1   -0.428
      227  0.000   0.434   1   -0.440
      228  0.000   0.433   1   -0.452
      229  0.000   0.430   1   -0.462
      230  0.000   0.429   1   -0.476
      231  0.000   0.399   1   -0.483
      232  0.000   0.395   1   -0.469
      233  0.000   0.395   1   -0.445
      234  0.000   0.395   1   -0.437
      235  0.000   0.395   1   -0.435
      236  0.000   0.392   1   -0.436
      237  0.000   0.115   0   -0.444
      238  0.000   0.035   0   -0.455
      239  0.000   0.007   0   -0.471
      240  0.000   0.006   0   -0.478
      241  0.000   0.006   0   -0.467
      242  0.000   0.006   0   -0.472
      243  0.000   0.006   0   -0.474
      244  0.000   0.006   0   -0.476
      245  0.000   0.006   0   -0.468
      246  0.000   0.006   0   -0.482
      247  0.000   0.006   0   -0.508
      248  0.000   0.006   0   -0.533
      249  0.000   0.006   0   -0.546
      250  0.000   0.006   0   -0.562
      251  0.000   0.006   0   -0.589
      252  0.000   0.006   0   -0.631
      253  0.000   0.006   0   -0.660
      254  0.000   0.006   0   -0.678
      255  0.000   0.006   0   -0.702
      256  0.000   0.006   0   -0.744
      257  0.000   0.006   0   -0.797
      258  0.000   0.006   0   -0.848
      259  0.000   0.006   0   -0.883
      260  0.000   0.006   0   -0.917
      261  0.000   0.006   0   -0.950
      262  0.000   0.006   0   -0.974
      263  0.000   0.006   0   -1.002
      264  0.000   0.006   0   -1.030
      265  0.000   0.006   0   -1.067
      266  0.000   0.006   0   -1.122
      267  0.000   0.006   0   -1.179
      268  0.000   0.006   0   -1.232
      269  0.000   0.007   0   -1.298
      270  0.000   0.007   0   -1.363
      271  0.000   0.007   0   -1.402
      272  0.000   0.007   0   -1.412
      273  0.000   0.007   0   -1.400
      274  0.000   0.007   0   -1.394
      275  0.000   0.007   0   -1.395
      276  0.000   0.007   0   -1.404
      277  0.000   0.007   0   -1.419
      278  0.000   0.007   0   -1.453
      279  0.000   0.007   0   -1.463
      280  0.003   0.010   0   -1.477
      281  0.001   0.011   0   -1.482
      282  0.000   0.011   0   -1.476
      283  0.000   0.011   0   -1.485
      284  0.000   0.011   0   -1.481
      285  0.000   0.011   0   -1.478
      286  0.000   0.011   0   -1.478
      287  0.000   0.011   0   -1.504
      288  0.011   0.022   0   -1.528
      289  0.003   0.026   0   -1.534
      290  0.004   0.029   0   -1.544
      291  0.001   0.030   0   -1.564
      292  0.003   0.033   0   -1.575
      293  0.004   0.037   0   -1.583
      294  0.000   0.037   0   -1.598
      295  0.001   0.038   0   -1.597
      296  0.019   0.057   0   -1.607
      297  0.001   0.058   0   -1.618
      298  0.000   0.058   0   -1.634
      299  0.000   0.058   0   -1.649
      300  0.000   0.058   0   -1.642
      301  0.000   0.058   0   -1.618
      302  0.000   0.058   0   -1.573
      303  0.000   0.058   0   -1.527
      304  0.000   0.058   0   -1.503
      305  0.000   0.058   0   -1.487
      306  0.000   0.058   0   -1.456
      307  0.000   0.058   0   -1.410
      308  0.000   0.058   0   -1.363
      309  0.000   0.058   0   -1.315
      310  0.000   0.058   0   -1.270
      311  0.000   0.058   0   -1.208
      312  0.000   0.058   0   -1.147
      313  0.000   0.058   0   -1.087
      314  0.000   0.058   0   -1.041
      315  0.000   0.058   0   -0.987
      316  0.000   0.057   0   -0.944
      317  0.000   0.057   0   -0.909
      318  0.000   0.057   0   -0.879
      319  0.000   0.057   0   -0.846
      320  0.000   0.057   0   -0.805
      321  0.000   0.057   0   -0.759
      322  0.000   0.057   0   -0.714
      323  0.000   0.057   0   -0.678
      324  0.000   0.057   0   -0.616
      325  0.000   0.057   0   -0.543
      326  0.000   0.057   0   -0.481
      327  0.000   0.057   0   -0.432
      328  0.000   0.057   0   -0.396
      329  0.000   0.057   0   -0.383
      330  0.000   0.057   0   -0.368
      331  0.000   0.057   0   -0.351
      332  0.000   0.057   0   -0.320
      333  0.000   0.056   0   -0.274
      334  0.000   0.054   0   -0.219
      335  0.000   0.054   0   -0.168
      336  0.000   0.054   0   -0.110
      337  0.000   0.054   0   -0.071
      338  0.000   0.054   0   -0.019
      339  0.000   0.054   0    0.020
      340  0.000   0.054   0    0.048
      341  0.000   0.054   0    0.080
      342  0.000   0.054   0    0.127
      343  0.000   0.053   0    0.164
      344  0.000   0.053   0    0.185
      345  0.000   0.052   0    0.206
      346  0.000   0.052   0    0.236
      347  0.000   0.052   0    0.255
      348  0.002   0.054   0    0.267
      349  0.003   0.057   0    0.280
      350  0.000   0.057   0    0.276
      351  0.000   0.057   0    0.263
      352  0.000   0.057   0    0.256
      353  0.001   0.058   0    0.256
      354  0.002   0.061   0    0.264
      355  0.034   0.095   0    0.245
      356  0.093   0.188   0    0.224
      357  0.078   0.266   0    0.201
      358  0.140   0.406   0    0.183
      359  0.022   0.428   0    0.166
      360  0.172   0.600   0    0.146
      361  0.014   0.615   0    0.108
      362  0.005   0.620   0    0.054
      363  0.086   0.706   0   -0.009
      364  0.247   0.953   1   -0.068
      365  0.007   0.959   1   -0.097
      366  0.000   0.960   1   -0.113
      367  0.000   0.960   1   -0.116
      368  0.000   0.960   1   -0.120
      369  0.002   0.962   1   -0.121
      370  0.003   0.965   1   -0.146
      371  0.001   0.966   1   -0.177
      372  0.004   0.970   1   -0.192
      373  0.000   0.971   1   -0.208
      374  0.000   0.971   1   -0.219
      375  0.000   0.971   1   -0.239
      376  0.000   0.971   1   -0.260
      377  0.000   0.971   1   -0.284
      378  0.000   0.971   1   -0.303
      379  0.000   0.971   1   -0.319
      380  0.000   0.971   1   -0.344
      381  0.001   0.972   1   -0.366
      382  0.002   0.974   1   -0.394
      383  0.001   0.975   1   -0.415
      384  0.000   0.975   1   -0.416
      385  0.000   0.975   1   -0.417
      386  0.005   0.980   1   -0.416
      387  0.011   0.991   1   -0.431
      388  0.000   0.991   1   -0.460
      389  0.000   0.991   1   -0.493
      390  0.000   0.991   1   -0.532
      391  0.000   0.991   1   -0.569
      392  0.003   0.994   1   -0.597
      393  0.003   0.997   1   -0.607
      394  0.000   0.997   1   -0.604
      395  0.000   0.997   1   -0.586
      396  0.000   0.997   1   -0.589
      397  0.000   0.997   1   -0.608
      398  0.000   0.997   1   -0.614
      399  0.000   0.997   1   -0.598
      400  0.000   0.997   1   -0.577
      401  0.000   0.997   1   -0.545
      402  0.000   0.997   1   -0.502
      403  0.000   0.997   1   -0.457
      404  0.000   0.997   1   -0.399
      405  0.000   0.997   1   -0.353
      406  0.000   0.997   1   -0.289
      407  0.000   0.997   1   -0.237
      408  0.000   0.997   1   -0.191
      409  0.000   0.997   1   -0.142
      410  0.000   0.997   1   -0.077
      411  0.000   0.997   1   -0.028
      412  0.000   0.997   1    0.007
      413  0.000   0.997   1    0.030
      414  0.000   0.997   1    0.062
      415  0.000   0.997   1    0.117
      416  0.000   0.997   1    0.177
      417  0.000   0.997   1    0.243
      418  0.000   0.997   1    0.318
      419  0.000   0.997   1    0.384
      420  0.000   0.997   1    0.427
      421  0.000   0.997   1    0.455
      422  0.000   0.997   1    0.477
      423  0.000   0.997   1    0.486
      424  0.000   0.997   1    0.496
      425  0.000   0.997   1    0.514
      426  0.000   0.996   1    0.540
      427  0.000   0.993   1    0.568
      428  0.000   0.992   1    0.609
      429  0.000   0.992   1    0.642
      430  0.000   0.992   1    0.665
      431  0.000   0.992   1    0.705
      432  0.000   0.992   1    0.768
      433  0.000   0.992   1    0.837
      434  0.000   0.992   1    0.857
      435  0.000   0.981   1    0.882
      436  0.000   0.978   1    0.887
      437  0.000   0.974   1    0.907
      438  0.000   0.973   1    0.939
      439  0.000   0.970   1    0.972
      440  0.000   0.966   1    0.986
      441  0.000   0.966   1    0.989
      442  0.000   0.965   1    0.995
      443  0.000   0.946   1    1.017
      444  0.000   0.945   1    1.022
      445  0.000   0.945   1    1.038
      446  0.000   0.945   1    1.043
      447  0.000   0.945   1    1.042
      448  0.000   0.945   1    1.007
      449  0.000   0.945   1    0.966
      450  0.000   0.945   1    0.927
      451  0.000   0.945   1    0.904
      452  0.000   0.945   1    0.888
      453  0.000   0.945   1    0.848
      454  0.000   0.946   1    0.813
      455  0.000   0.946   1    0.779
      456  0.000   0.946   1    0.738
      457  0.000   0.946   1    0.698
      458  0.000   0.946   1    0.653
      459  0.000   0.946   1    0.608
      460  0.000   0.946   1    0.555
      461  0.000   0.946   1    0.484
      462  0.000   0.946   1    0.432
      463  0.000   0.946   1    0.390
      464  0.000   0.946   1    0.338
      465  0.000   0.946   1    0.287
      466  0.000   0.947   1    0.235
      467  0.000   0.947   1    0.182
      468  0.000   0.947   1    0.138
      469  0.000   0.947   1    0.106
      470  0.000   0.947   1    0.057
      471  0.000   0.947   1    0.019
      472  0.000   0.947   1   -0.027
      473  0.001   0.948   1   -0.097
      474  0.000   0.948   1   -0.161
      475  0.000   0.948   1   -0.217
      476  0.000   0.948   1   -0.259
      477  0.000   0.948   1   -0.313
      478  0.000   0.948   1   -0.356
      479  0.000   0.948   1   -0.398
      480  0.000   0.948   1   -0.440
      481  0.000   0.948   1   -0.488
      482  0.000   0.948   1   -0.538
      483  0.000   0.948   1   -0.588
      484  0.000   0.948   1   -0.630
      485  0.000   0.948   1   -0.658
      486  0.000   0.948   1   -0.710
      487  0.000   0.948   1   -0.779
      488  0.000   0.948   1   -0.853
      489  0.000   0.948   1   -0.893
      490  0.000   0.948   1   -0.928
      491  0.000   0.948   1   -0.952
      492  0.000   0.948   1   -0.980
      493  0.000   0.948   1   -1.015
      494  0.000   0.948   1   -1.057
      495  0.000   0.947   1   -1.098
      496  0.000   0.943   1   -1.138
      497  0.000   0.943   1   -1.165
      498  0.000   0.943   1   -1.180
      499  0.000   0.943   1   -1.184
      500  0.000   0.942   1   -1.192
      501  0.000   0.940   1   -1.197
      502  0.000   0.905   1   -1.208
      503  0.000   0.812   1   -1.189
      504  0.000   0.734   1   -1.174
      505  0.000   0.594   1   -1.172
      506  0.000   0.572   1   -1.193
      507  0.000   0.400   1   -1.213
      508  0.000   0.386   1   -1.208
      509  0.000   0.381   1   -1.201
      510  0.000   0.295   1   -1.187
      511  0.000   0.048   0   -1.174
      512  0.000   0.041   0   -1.161
      513  0.000   0.041   0   -1.150
      514  0.000   0.041   0   -1.142
      515  0.000   0.041   0   -1.117
      516  0.000   0.039   0   -1.093
      517  0.000   0.036   0   -1.075
      518  0.000   0.035   0   -1.055
      519  0.000   0.031   0   -1.032
      520  0.000   0.030   0   -1.024
      521  0.000   0.030   0   -1.000
      522  0.000   0.030   0   -0.980
      523  0.000   0.030   0   -0.972
      524  0.000   0.030   0   -0.978
      525  0.000   0.030   0   -0.978
      526  0.000   0.030   0   -0.979
      527  0.000   0.030   0   -0.974
      528  0.000   0.029   0   -0.951
      529  0.000   0.027   0   -0.923
      530  0.000   0.026   0   -0.907
      531  0.000   0.026   0   -0.907
      532  0.000   0.026   0   -0.894
      533  0.000   0.021   0   -0.874
      534  0.000   0.010   0   -0.853
      535  0.000   0.010   0   -0.834
      536  0.000   0.010   0   -0.809
      537  0.000   0.010   0   -0.790
      538  0.000   0.010   0   -0.781
      539  0.000   0.007   0   -0.781
      540  0.000   0.004   0   -0.777
      541  0.000   0.004   0   -0.757
      542  0.000   0.004   0   -0.723
      543  0.000   0.004   0   -0.693
      544  0.000   0.004   0   -0.673
      545  0.000   0.004   0   -0.681
      546  0.000   0.004   0   -0.696
      547  0.000   0.004   0   -0.717
      548  0.000   0.004   0   -0.746
      549  0.000   0.004   0   -0.772
      550  0.000   0.004   0   -0.780
      551  0.000   0.004   0   -0.780
      552  0.000   0.004   0   -0.778
      553  0.000   0.004   0   -0.780
      554  0.000   0.004   0   -0.789
      555  0.000   0.004   0   -0.803
      556  0.000   0.004   0   -0.822
      557  0.000   0.004   0   -0.834
      558  0.000   0.004   0   -0.862
      559  0.000   0.005   0   -0.888
      560  0.000   0.005   0   -0.898
      561  0.000   0.005   0   -0.878
      562  0.000   0.005   0   -0.853
      563  0.000   0.005   0   -0.842
      564  0.000   0.005   0   -0.861
      565  0.000   0.005   0   -0.884
      566  0.000   0.005   0   -0.915
      567  0.000   0.005   0   -0.956
      568  0.000   0.005   0   -0.985
      569  0.000   0.005   0   -1.021
      570  0.000   0.005   0   -1.057
      571  0.000   0.005   0   -1.084
      572  0.000   0.005   0   -1.111
      573  0.000   0.005   0   -1.150
      574  0.000   0.005   0   -1.200
      575  0.000   0.005   0   -1.239
      576  0.000   0.005   0   -1.286
      577  0.000   0.006   0   -1.322
      578  0.000   0.006   0   -1.359
      579  0.000   0.006   0   -1.389
      580  0.000   0.006   0   -1.398
      581  0.000   0.006   0   -1.411
      582  0.000   0.006   0   -1.417
      583  0.000   0.006   0   -1.447
      584  0.000   0.006   0   -1.474
      585  0.000   0.006   0   -1.503
      586  0.000   0.006   0   -1.528
      587  0.000   0.006   0   -1.558
      588  0.000   0.006   0   -1.564
      589  0.000   0.006   0   -1.574
      590  0.000   0.006   0   -1.578
      591  0.000   0.006   0   -1.592
      592  0.000   0.006   0   -1.598
      593  0.000   0.006   0   -1.594
      594  0.000   0.006   0   -1.584
      595  0.000   0.006   0   -1.584
      596  0.000   0.006   0   -1.576
      597  0.000   0.006   0   -1.578
      598  0.000   0.006   0   -1.577
      599  0.000   0.006   0   -1.581
      600  0.000   0.006   0   -1.589
      601  0.000   0.006   0   -1.585
      602  0.000   0.006   0   -1.571
      603  0.000   0.006   0   -1.542
      604  0.000   0.005   0   -1.506
      605  0.000   0.005   0   -1.474
      606  0.000   0.005   0   -1.440
      607  0.000   0.005   0   -1.423
      608  0.000   0.005   0   -1.435
      609  0.000   0.005   0   -1.462
      610  0.000   0.005   0   -1.479
      611  0.000   0.005   0   -1.479
      612  0.000   0.005   0   -1.461
      613  0.000   0.004   0   -1.442
      614  0.000   0.004   0   -1.425
      615  0.001   0.005   0   -1.432
      616  0.000   0.005   0   -1.445
      617  0.000   0.005   0   -1.459
      618  0.000   0.005   0   -1.473
      619  0.000   0.005   0   -1.478
      620  0.000   0.003   0   -1.500
      621  0.000   0.003   0   -1.506
      622  0.001   0.004   0   -1.499
      623  0.000   0.004   0   -1.476
      624  0.000   0.004   0   -1.455
      625  0.000   0.004   0   -1.434
      626  0.000   0.004   0   -1.417
      627  0.000   0.004   0   -1.404
      628  0.000   0.004   0   -1.399
      629  0.000   0.004   0   -1.395
      630  0.000   0.004   0   -1.393
      631  0.000   0.004   0   -1.397
      632  0.000   0.004   0   -1.386
      633  0.000   0.004   0   -1.365
      634  0.000   0.004   0   -1.344
      635  0.000   0.004   0   -1.336
      636  0.000   0.004   0   -1.349
      637  0.000   0.004   0   -1.359
      638  0.000   0.004   0   -1.341
      639  0.000   0.004   0   -1.327
      640  0.000   0.004   0   -1.306
      641  0.000   0.004   0   -1.283
      642  0.000   0.004   0   -1.261
      643  0.000   0.004   0   -1.254
      644  0.000   0.004   0   -1.252
      645  0.000   0.004   0   -1.246
      646  0.000   0.004   0   -1.246
      647  0.000   0.004   0   -1.271
      648  0.000   0.004   0   -1.312
      649  0.000   0.004   0   -1.346
      650  0.000   0.004   0   -1.366
      651  0.000   0.004   0   -1.389
      652  0.000   0.004   0   -1.401
      653  0.000   0.004   0   -1.424
      654  0.000   0.004   0   -1.446
      655  0.000   0.004   0   -1.439
      656  0.000   0.004   0   -1.433
      657  0.000   0.004   0   -1.419
      658  0.000   0.004   0   -1.435
      659  0.000   0.004   0   -1.451
      660  0.000   0.004   0   -1.453
      661  0.000   0.004   0   -1.447
      662  0.000   0.004   0   -1.451
      663  0.000   0.003   0   -1.455
      664  0.000   0.003   0   -1.441
      665  0.000   0.003   0   -1.418
      666  0.000   0.003   0   -1.409
      667  0.000   0.003   0   -1.407
      668  0.000   0.004   0   -1.397
      669  0.000   0.004   0   -1.400
      670  0.006   0.009   0   -1.410
      671  0.000   0.010   0   -1.425
      672  0.000   0.010   0   -1.434
      673  0.000   0.010   0   -1.436
      674  0.000   0.010   0   -1.417
      675  0.000   0.010   0   -1.387
      676  0.000   0.010   0   -1.363
      677  0.000   0.010   0   -1.349
      678  0.001   0.010   0   -1.358
      679  0.001   0.011   0   -1.361
      680  0.000   0.012   0   -1.375
      681  0.001   0.012   0   -1.382
      682  0.000   0.012   0   -1.383
      683  0.001   0.014   0   -1.367
      684  0.001   0.014   0   -1.339
      685  0.000   0.015   0   -1.314
      686  0.000   0.015   0   -1.276
      687  0.000   0.015   0   -1.264
      688  0.000   0.015   0   -1.254
      689  0.000   0.015   0   -1.253
      690  0.000   0.015   0   -1.270
      691  0.016   0.031   0   -1.260
      692  0.002   0.033   0   -1.252
      693  0.000   0.033   0   -1.238
      694  0.000   0.033   0   -1.223
      695  0.000   0.033   0   -1.206
      696  0.000   0.033   0   -1.193
      697  0.000   0.033   0   -1.174
      698  0.000   0.033   0   -1.156
      699  0.000   0.033   0   -1.142
      700  0.000   0.033   0   -1.130
      701  0.000   0.033   0   -1.104
      702  0.000   0.033   0   -1.052
      703  0.000   0.033   0   -0.998
      704  0.000   0.033   0   -0.958
      705  0.000   0.033   0   -0.921
      706  0.000   0.032   0   -0.892
      707  0.000   0.032   0   -0.880
      708  0.000   0.032   0   -0.851
      709  0.000   0.033   0   -0.809
      710  0.000   0.033   0   -0.785
      711  0.001   0.034   0   -0.763
      712  0.000   0.034   0   -0.751
      713  0.001   0.034   0   -0.709
      714  0.000   0.034   0   -0.665
      715  0.000   0.034   0   -0.636
      716  0.000   0.034   0   -0.605
      717  0.000   0.034   0   -0.569
      718  0.000   0.034   0   -0.533
      719  0.000   0.034   0   -0.503
      720  0.000   0.035   0   -0.483
      721  0.000   0.035   0   -0.453
      722  0.000   0.035   0   -0.426
      723  0.000   0.035   0   -0.416
      724  0.000   0.035   0   -0.372
      725  0.000   0.035   0   -0.307
      726  0.000   0.035   0   -0.247
      727  0.000   0.035   0   -0.191
      728  0.001   0.036   0   -0.153
      729  0.005   0.041   0   -0.120
      730  0.094   0.135   0   -0.085
      731  0.088   0.223   0   -0.055
      732  0.018   0.241   0   -0.029
      733  0.099   0.340   0   -0.001
      734  0.002   0.343   0    0.028
      735  0.005   0.348   0    0.073
      736  0.001   0.349   0    0.124
      737  0.020   0.369   0    0.174
      738  0.001   0.370   0    0.217
      739  0.019   0.389   0    0.249
      740  0.091   0.480   0    0.269
      741  0.153   0.633   1    0.278
      742  0.020   0.654   1    0.290
      743  0.005   0.658   1    0.303
      744  0.000   0.658   1    0.315
      745  0.000   0.658   1    0.343
      746  0.000   0.658   1    0.354
      747  0.000   0.659   1    0.385
      748  0.001   0.660   1    0.401
      749  0.003   0.663   1    0.412
      750  0.000   0.663   1    0.422
      751  0.000   0.663   1    0.431
      752  0.000   0.663   1    0.443
      753  0.002   0.665   1    0.444
      754  0.004   0.669   1    0.474
      755  0.001   0.670   1    0.510
      756  0.000   0.670   1    0.542
      757  0.000   0.670   1    0.560
      758  0.000   0.670   1    0.574
      759  0.000   0.670   1    0.609
      760  0.000   0.670   1    0.630
      761  0.027   0.697   1    0.654
      762  0.030   0.726   1    0.684
      763  0.013   0.740   1    0.710
      764  0.000   0.740   1    0.730
      765  0.000   0.740   1    0.751
      766  0.000   0.740   1    0.762
      767  0.000   0.740   1    0.781
      768  0.000   0.740   1    0.785
      769  0.000   0.739   1    0.786
      770  0.000   0.739   1    0.772
      771  0.000   0.739   1    0.745
      772  0.000   0.739   1    0.737
      773  0.000   0.740   1    0.743
      774  0.032   0.772   1    0.760
      775  0.024   0.796   1    0.787
      776  0.126   0.922   1    0.822
      777  0.001   0.923   1    0.850
      778  0.005   0.928   1    0.873
      779  0.000   0.928   1    0.880
      780  0.000   0.928   1    0.876
      781  0.000   0.928   1    0.879
      782  0.000   0.928   1    0.876
      783  0.000   0.928   1    0.898
      784  0.000   0.928   1    0.896
      785  0.000   0.928   1    0.906
      786  0.003   0.931   1    0.923
      787  0.003   0.934   1    0.954
      788  0.000   0.935   1    0.977
      789  0.000   0.935   1    0.993
      790  0.000   0.935   1    0.995
      791  0.000   0.935   1    0.985
      792  0.000   0.935   1    0.969
      793  0.000   0.935   1    0.962
      794  0.000   0.935   1    0.968
      795  0.045   0.980   1    0.992
      796  0.018   0.998   1    1.015
      797  0.000   0.998   1    1.043
      798  0.000   0.998   1    1.075
      799  0.000   0.999   1    1.126
      800  0.000   0.999   1    1.168
      801  0.000   0.999   1    1.209
      802  0.000   0.999   1    1.228
      803  0.000   0.999   1    1.245
      804  0.000   0.999   1    1.265
      805  0.000   0.999   1    1.286
      806  0.000   0.999   1    1.313
      807  0.000   0.999   1    1.351
      808  0.000   0.999   1    1.387
      809  0.000   0.999   1    1.401
      810  0.000   0.999   1    1.389
      811  0.000   0.999   1    1.381
      812  0.000   0.999   1    1.364
      813  0.000   0.999   1    1.346
      814  0.000   0.999   1    1.307
      815  0.000   0.998   1    1.286
      816  0.000   0.998   1    1.267
      817  0.000   0.992   1    1.255
      818  0.000   0.992   1    1.253
      819  0.000   0.992   1    1.263
      820  0.000   0.992   1    1.291
      821  0.000   0.992   1    1.319
      822  0.000   0.992   1    1.340
      823  0.000   0.992   1    1.352
      824  0.000   0.992   1    1.364
      825  0.000   0.992   1    1.360
      826  0.000   0.991   1    1.357
      827  0.000   0.990   1    1.349
      828  0.000   0.990   1    1.337
      829  0.000   0.990   1    1.331
      830  0.000   0.988   1    1.302
      831  0.000   0.988   1    1.282
      832  0.000   0.987   1    1.267
      833  0.000   0.987   1    1.263
      834  0.000   0.987   1    1.242
      835  0.000   0.987   1    1.233
      836  0.000   0.987   1    1.214
      837  0.000   0.987   1    1.198
      838  0.000   0.971   1    1.168
      839  0.000   0.969   1    1.151
      840  0.000   0.969   1    1.129
      841  0.000   0.969   1    1.124
      842  0.000   0.969   1    1.111
      843  0.000   0.969   1    1.095
      844  0.000   0.969   1    1.086
      845  0.000   0.969   1    1.089
      846  0.000   0.969   1    1.090
      847  0.000   0.969   1    1.088
      848  0.000   0.969   1    1.062
      849  0.000   0.969   1    1.016
      850  0.000   0.969   1    0.979
      851  0.000   0.969   1    0.937
      852  0.000   0.969   1    0.916
      853  0.000   0.969   1    0.901
      854  0.000   0.969   1    0.871
      855  0.000   0.969   1    0.841
      856  0.000   0.968   1    0.812
      857  0.000   0.968   1    0.786
      858  0.000   0.967   1    0.762
      859  0.000   0.967   1    0.744
      860  0.000   0.967   1    0.731
      861  0.000   0.967   1    0.713
      862  0.000   0.966   1    0.669
      863  0.000   0.966   1    0.633
      864  0.000   0.966   1    0.614
      865  0.000   0.966   1    0.610
      866  0.000   0.966   1    0.606
      867  0.000   0.966   1    0.590
      868  0.000   0.965   1    0.593
      869  0.000   0.965   1    0.597
      870  0.000   0.965   1    0.594
      871  0.000   0.965   1    0.590
      872  0.000   0.965   1    0.595
      873  0.000   0.965   1    0.582
      874  0.000   0.965   1    0.556
      875  0.000   0.964   1    0.512
      876  0.000   0.959   1    0.463
      877  0.000   0.865   1    0.412
      878  0.000   0.777   1    0.373
      879  0.000   0.759   1    0.322
      880  0.000   0.660   1    0.302
      881  0.000   0.657   1    0.285
      882  0.000   0.652   1    0.278
      883  0.000   0.651   1    0.275
      884  0.000   0.631   1    0.271
      885  0.000   0.630   1    0.272
      886  0.000   0.611   1    0.246
      887  0.000   0.520   1    0.216
      888  0.000   0.367   0    0.186
      889  0.000   0.347   0    0.175
      890  0.000   0.342   0    0.160
      891  0.000   0.342   0    0.153
      892  0.000   0.342   0    0.151
      893  0.000   0.342   0    0.153
      894  0.000   0.341   0    0.165
      895  0.000   0.340   0    0.163
      896  0.000   0.337   0    0.141
      897  0.000   0.337   0    0.128
      898  0.000   0.337   0    0.113
      899  0.000   0.337   0    0.098
      900  0.000   0.335   0    0.069
      901  0.000   0.331   0    0.053
      902  0.000   0.330   0    0.041
      903  0.000   0.330   0    0.051
      904  0.000   0.330   0    0.071
      905  0.000   0.330   0    0.080
      906  0.000   0.330   0    0.101
      907  0.000   0.330   0    0.093
      908  0.000   0.303   0    0.075
      909  0.000   0.273   0    0.078
      910  0.000   0.260   0    0.074
      911  0.000   0.260   0    0.080
      912  0.000   0.260   0    0.081
      913  0.000   0.260   0    0.089
      914  0.000   0.260   0    0.081
      915  0.000   0.260   0    0.072
      916  0.000   0.260   0    0.087
      917  0.000   0.260   0    0.115
      918  0.000   0.260   0    0.120
      919  0.004   0.264   0    0.105
      920  0.000   0.263   0    0.095
      921  0.000   0.231   0    0.086
      922  0.000   0.207   0    0.081
      923  0.000   0.081   0    0.078
      924  0.000   0.080   0    0.078
      925  0.000   0.075   0    0.084
      926  0.000   0.075   0    0.083
      927  0.000   0.075   0    0.061
      928  0.000   0.075   0    0.057
      929  0.000   0.075   0    0.062
      930  0.000   0.076   0    0.080
      931  0.002   0.077   0    0.086
      932  0.000   0.077   0    0.084
      933  0.001   0.074   0    0.096
      934  0.000   0.072   0    0.130
      935  0.000   0.072   0    0.153
      936  0.000   0.072   0    0.184
      937  0.000   0.072   0    0.205
      938  0.000   0.072   0    0.222
      939  0.000   0.072   0    0.235
      940  0.000   0.072   0    0.241
      941  0.000   0.072   0    0.261
      942  0.000   0.027   0    0.268
      943  0.003   0.012   0    0.288
      944  0.000   0.012   0    0.283
      945  0.004   0.016   0    0.281
      946  0.000   0.016   0    0.288
      947  0.000   0.016   0    0.297
      948  0.004   0.021   0    0.275
      949  0.002   0.023   0    0.264
      950  0.000   0.023   0    0.262
      951  0.000   0.023   0    0.270
      952  0.000   0.023   0    0.267
      953  0.001   0.024   0    0.280
      954  0.004   0.028   0    0.296
      955  0.294   0.323   1    0.323
      956  0.223   0.546   1    0.344
      957  0.209   0.755   1    0.365
      958  0.051   0.806   1    0.384
      959  0.003   0.809   1    0.398
      960  0.017   0.827   1    0.414
      961  0.037   0.864   1    0.423
      962  0.018   0.882   1    0.447
      963  0.005   0.887   1    0.484
      964  0.020   0.906   1    0.508
      965  0.022   0.928   1    0.553
      966  0.072   1.000   1    0.575
      967  0.000   1.000   1    0.601
      968  0.000   1.000   1    0.608
      969  0.000   1.000   1    0.641
      970  0.000   1.000   1    0.657
      971  0.000   1.000   1    0.649
      972  0.000   1.000   1    0.629
      973  0.000   1.000   1    0.640
      974  0.000   1.000   1    0.664
      975  0.000   1.000   1    0.692
      976  0.000   1.000   1    0.716
      977  0.000   1.000   1    0.767
      978  0.000   1.000   1    0.801
      979  0.000   1.000   1    0.841
      980  0.000   1.000   1    0.869
      981  0.000   1.000   1    0.903
      982  0.000   1.000   1    0.937
      983  0.000   1.000   1    0.970
      984  0.000   1.000   1    0.984
      985  0.000   1.000   1    1.000
      986  0.000   1.000   1    1.027
      987  0.000   1.000   1    1.072
      988  0.000   1.000   1    1.104
      989  0.000   1.000   1    1.126
      990  0.000   1.000   1    1.146
      991  0.000   1.000   1    1.176
      992  0.000   1.000   1    1.186
      993  0.000   1.000   1    1.203
      994  0.000   1.000   1    1.224
      995  0.000   1.000   1    1.248
      996  0.000   1.000   1    1.260
      997  0.000   1.000   1    1.276
      998  0.000   1.000   1    1.285
      999  0.000   1.000   1    1.316
     1000  0.000   1.000   1    1.356
     1001  0.000   1.000   1    1.403
     1002  0.000   1.000   1    1.443
     1003  0.000   1.000   1    1.510
     1004  0.000   1.000   1    1.551
     1005  0.000   1.000   1    1.585
     1006  0.000   1.000   1    1.614
     1007  0.000   1.000   1    1.650
     1008  0.000   1.000   1    1.680
     1009  0.000   1.000   1    1.701
     1010  0.000   1.000   1    1.726
     1011  0.000   1.000   1    1.752
     1012  0.000   1.000   1    1.779
     1013  0.000   1.000   1    1.809
     1014  0.000   1.000   1    1.825
     1015  0.000   1.000   1    1.843
     1016  0.000   1.000   1    1.871
     1017  0.000   1.000   1    1.896
     1018  0.000   1.000   1    1.906
     1019  0.000   1.000   1    1.911
     1020  0.000   1.000   1    1.902
     1021  0.000   1.000   1    1.916
     1022  0.000   1.000   1    1.932
     1023  0.000   1.000   1    1.965
     1024  0.000   1.000   1    1.980
     1025  0.000   1.000   1    2.013
     1026  0.000   1.000   1    2.050
     1027  0.000   1.000   1    2.094
     1028  0.000   1.000   1    2.121
     1029  0.000   1.000   1    2.138
     1030  0.000   1.000   1    2.146
     1031  0.000   1.000   1    2.165
     1032  0.000   1.000   1    2.167
     1033  0.000   1.000   1    2.182
     1034  0.000   1.000   1    2.193
     1035  0.000   1.000   1    2.207
     1036  0.000   1.000   1    2.219
     1037  0.000   1.000   1    2.243
     1038  0.000   1.000   1    2.252
     1039  0.000   1.000   1    2.286
     1040  0.000   1.000   1    2.305
     1041  0.000   1.000   1    NA
     1042  0.000   1.000   1    NA
     1043  0.000   1.000   1    NA
     1044  0.000   1.000   1    NA
     1045  0.000   1.000   1    NA
     1046  0.000   1.000   1    NA
     1047  0.000   1.000   1    NA
     1048  0.000   1.000   1    NA
     1049  0.000   1.000   1    NA
     1050  0.000   1.000   1    NA
     1051  0.000   1.000   1    NA
     1052  0.000   1.000   1    NA
     1053  0.000   1.000   1    NA
     1054  0.000   1.000   1    NA
     1055  0.000   1.000   1    NA
     1056  0.000   1.000   1    NA
     1057  0.000   1.000   1    NA
     1058  0.000   1.000   1    NA
     1059  0.000   1.000   1    NA
     1060  0.000   1.000   1    NA
     1061  0.000   1.000   1    NA
     1062  0.000   1.000   1    NA
     1063  0.000   1.000   1    NA
     1064  0.000   1.000   1    NA
     1065  0.000   1.000   1    NA
     1066  0.000   0.996   1    NA
     1067  0.000   0.996   1    NA
     1068  0.000   0.996   1    NA
     1069  0.000   0.996   1    NA
     1070  0.000   0.996   1    NA
     1071  0.000   0.996   1    NA
     1072  0.000   0.996   1    NA
     1073  0.000   0.996   1    NA
     1074  0.000   0.996   1    NA
     1075  0.000   0.996   1    NA
     1076  0.000   0.995   1    NA
     1077  0.000   0.995   1    NA
     1078  0.000   0.994   1    NA
     1079  0.000   0.994   1    NA
     1080  0.000   0.993   1    NA
     1081  0.000   0.993   1    NA
     1082  0.000   0.992   1    NA
     1083  0.000   0.992   1    NA
     1084  0.000   0.992   1    NA
     1085  0.000   0.992   1    NA
     1086  0.000   0.992   1    NA
     1087  0.000   0.992   1    NA
     1088  0.000   0.991   1    NA
     1089  0.000   0.991   1    NA
     1090  0.000   0.988   1    NA
     1091  0.000   0.988   1    NA
     1092  0.000   0.984   1    NA
     1093  0.000   0.984   1    NA
     1094  0.000   0.984   1    NA
     1095  0.000   0.979   1    NA
     1096  0.000   0.978   1    NA
     1097  0.000   0.977   1    NA
     1098  0.000   0.977   1    NA
     1099  0.000   0.977   1    NA
     1100  0.000   0.976   1    NA
     1101  0.000   0.972   1    NA
     1102  0.000   0.678   0    NA
     1103  0.000   0.454   0    NA
     1104  0.000   0.245   0    NA
     1105  0.000   0.194   0    NA
     1106  0.000   0.191   0    NA
     1107  0.000   0.174   0    NA
     1108  0.000   0.136   0    NA
     1109  0.000   0.119   0    NA
     1110  0.000   0.113   0    NA
     1111  0.000   0.094   0    NA
     1112  0.000   0.072   0    NA
     1113  0.000   0.000   0    NA
